fonctionobjectif= 3
pourcentage= 10.0
decroissance= 0.02
nbiterstagnant= 100
f1= 20
f2= 4.044444444444404
f3= 0.7252075054258099
f1= 30
f2= 5.244444444444412
f3= 0.8964952335086358
f1= 60
f2= 8.355555555555535
f3= 1.423350247102211
