fonctionobjectif= 3
pourcentage= 10.0
decroissance= 0.02
nbiterstagnant= 100
nbiterameliore= 10
f1= 20
f2= 5.75
f3= 0.8700255424092125
Temps= 1.6284066s
nbiterameliore= 15
f1= 30
f2= 5.333333333333333
f3= 0.8374896350934075
Temps= 0.3972411s
nbiterameliore= 1000
f1= 30
f2= 7.166666666666667
f3= 1.1211353372561426
Temps= 0.3015365s
