fonctionobjectif= 3
pourcentage= 10.0
decroissance= 0.02
nbiterstagnant= 100
f1= 30
f2= 5.194444444444457
f3= 0.718473175354309
f1= 20
f2= 5.638888888888891
f3= 0.7920320794101806
f1= 40
f2= 8.055555555555566
f3= 1.2756625003561146
