fonctionobjectif= 3
pourcentage= 10.0
decroissance= 0.02
nbiterstagnant= 100
f1= 20
f2= 5.255555555555535
f3= 0.784986435362869
f1= 20
f2= 5.0166666666666435
f3= 0.7487644143174461
f1= 50
f2= 7.97222222222221
f3= 1.2492590396503631
