fonctionobjectif= 3
pourcentage= 10.0
decroissance= 0.02
nbiterstagnant= 100
nbiterameliore= 10
f1= 30
f2= 4.916666666666704
f3= 0.8528275410742872
Temps= 0.3427117s
nbiterameliore= 15
f1= 20
f2= 4.70000000000003
f3= 0.7487644143174461
Temps= 0.3746934s
nbiterameliore= 1000
f1= 40
f2= 8.077777777777799
f3= 1.335241689871302
Temps= 0.2977324s
