fonctionobjectif= 3
pourcentage= 10.0
decroissance= 0.02
nbiterstagnant= 100
f1= 30
f2= 4.946854352197614
f3= 0.7675641241965083
f1= 20
f2= 5.889112324044799
f3= 0.8726505302217652
f1= 60
f2= 8.70439528871012
f3= 1.5017797980397725
