fonctionobjectif= 3
pourcentage= 10.0
decroissance= 0.02
nbiterstagnant= 100
nbiterameliore= 10
f1= 30
f2= 6.19999999999997
f3= 1.0399430183820078
Temps= 0.549398s
nbiterameliore= 15
f1= 30
f2= 3.2666666666666138
f3= 0.6858355272004873
Temps= 0.4185373s
nbiterameliore= 1000
f1= 80
f2= 7.533333333333303
f3= 1.5539674432930746
Temps= 0.3011332s
