fonctionobjectif= 3
pourcentage= 10.0
decroissance= 0.02
nbiterstagnant= 100
nbiterameliore= 10
f1= 20
f2= 4.688307957483503
f3= 0.7757668508677605
Temps= 0.4507154s
nbiterameliore= 15
f1= 30
f2= 5.153691467968999
f3= 0.9119392657567621
Temps= 0.4214904s
nbiterameliore= 1000
f1= 60
f2= 7.400172364263164
f3= 1.3659497806601941
Temps= 0.3443431s
