fonctionobjectif= 3
pourcentage= 10.0
decroissance= 0.02
nbiterstagnant= 100
f1= 30
f2= 5.844233055885838
f3= 0.8688791644993723
f1= 30
f2= 5.529131985731252
f3= 0.8339652093441848
f1= 40
f2= 9.013079667063023
f3= 1.4154379805199917
