fonctionobjectif= 3
pourcentage= 10.0
decroissance= 0.02
nbiterstagnant= 100
nbiterameliore= 10
f1= 40
f2= 6.066666666666644
f3= 1.0663193879120068
Temps= 0.4847314s
nbiterameliore= 15
f1= 30
f2= 4.95555555555552
f3= 0.8649555758234915
Temps= 0.4650214s
nbiterameliore= 1000
f1= 50
f2= 6.95555555555552
f3= 1.3221755360572014
Temps= 0.3250504s
