fonctionobjectif= 3
pourcentage= 10.0
decroissance= 0.02
nbiterstagnant= 100
f1= 30
f2= 5.644444444444449
f3= 0.7981459998252428
f1= 30
f2= 6.444444444444457
f3= 0.956459520740326
f1= 40
f2= 7.266666666666682
f3= 1.1417984514369004
