fonctionobjectif= 3
pourcentage= 10.0
decroissance= 0.02
nbiterstagnant= 100
f1= 30
f2= 5.983333333333325
f3= 0.865758070731678
f1= 30
f2= 6.133333333333318
f3= 0.897269520597124
f1= 40
f2= 7.466666666666652
f3= 1.1424064918375563
