fonctionobjectif= 3
pourcentage= 10.0
decroissance= 0.02
nbiterstagnant= 100
nbiterameliore= 10
f1= 30
f2= 5.155555555555589
f3= 0.8454672168776352
Temps= 0.2778578s
nbiterameliore= 15
f1= 30
f2= 6.044444444444465
f3= 0.9388724521901156
Temps= 0.2844631s
nbiterameliore= 1000
f1= 50
f2= 9.355555555555565
f3= 1.4694418189432539
Temps= 0.2324483s
