fonctionobjectif= 3
pourcentage= 10.0
decroissance= 0.02
nbiterstagnant= 100
f1= 30
f2= 4.111111111111161
f3= 0.8221471437193745
f1= 40
f2= 5.777777777777813
f3= 1.0318986456114836
f1= 40
f2= 6.944444444444472
f3= 1.1587029785896787
