fonctionobjectif= 3
pourcentage= 10.0
decroissance= 0.02
nbiterstagnant= 100
f1= 30
f2= 5.155555555555589
f3= 0.8454672168776352
f1= 30
f2= 6.044444444444465
f3= 0.9388724521901156
f1= 50
f2= 7.688888888888899
f3= 1.309509379429874
