fonctionobjectif= 3
pourcentage= 10.0
decroissance= 0.02
nbiterstagnant= 100
nbiterameliore= 10
f1= 20
f2= 3.3
f3= 0.6540472290116194
Temps= 0.6111277s
nbiterameliore= 15
f1= 30
f2= 5.133333333333334
f3= 0.9036961141150639
Temps= 0.6724044s
nbiterameliore= 1000
f1= 120
f2= 30.7
f3= 4.80566794987382
Temps= 1.2512005s
