fonctionobjectif= 3
pourcentage= 10.0
decroissance= 0.02
nbiterstagnant= 100
f1= 30
f2= 6.19999999999997
f3= 1.0399430183820078
f1= 30
f2= 3.2666666666666138
f3= 0.6858355272004873
f1= 40
f2= 6.97777777777776
f3= 1.0920588778049434
