fonctionobjectif= 3
pourcentage= 10.0
decroissance= 0.02
nbiterstagnant= 100
f1= 30
f2= 4.916666666666704
f3= 0.8528275410742872
f1= 20
f2= 4.70000000000003
f3= 0.7487644143174461
f1= 30
f2= 5.105555555555588
f3= 0.8528275410742872
