fonctionobjectif= 3
pourcentage= 10.0
decroissance= 0.02
nbiterstagnant= 100
nbiterameliore= 10
f1= 20
f2= 4.916666666666704
f3= 0.897269520597124
Temps= 0.4882853s
nbiterameliore= 15
f1= 20
f2= 2.6222222222222777
f3= 0.6451385151296609
Temps= 0.4178441s
nbiterameliore= 1000
f1= 60
f2= 6.9000000000000306
f3= 1.4238380577912693
Temps= 0.3450733s
