fonctionobjectif= 3
pourcentage= 10.0
decroissance= 0.02
nbiterstagnant= 100
nbiterameliore= 10
f1= 20
f2= 3.9
f3= 0.7340905181848413
Temps= 0.3639764s
nbiterameliore= 15
f1= 40
f2= 4.833333333333333
f3= 0.93392838174146
Temps= 0.3610071s
nbiterameliore= 1000
f1= 50
f2= 7.366666666666666
f3= 1.2405196043952265
Temps= 0.2633563s
