fonctionobjectif= 3
pourcentage= 10.0
decroissance= 0.02
nbiterstagnant= 100
f1= 20
f2= 4.122222222222263
f3= 0.7487644143174461
f1= 30
f2= 5.30000000000003
f3= 0.9455059394215783
f1= 40
f2= 6.51666666666669
f3= 1.1078424142516006
