fonctionobjectif= 3
pourcentage= 10.0
decroissance= 0.02
nbiterstagnant= 100
nbiterameliore= 10
f1= 20
f2= 5.255555555555535
f3= 0.784986435362869
Temps= 0.4154047s
nbiterameliore= 15
f1= 20
f2= 5.0166666666666435
f3= 0.7487644143174461
Temps= 0.4734342s
nbiterameliore= 1000
f1= 60
f2= 7.922222222222202
f3= 1.335241689871302
Temps= 0.4188229s
