fonctionobjectif= 3
pourcentage= 10.0
decroissance= 0.02
nbiterstagnant= 100
nbiterameliore= 10
f1= 20
f2= 3.111111111111162
f3= 0.6610877680286008
Temps= 0.5203828s
nbiterameliore= 15
f1= 30
f2= 4.688888888888929
f3= 0.8777074514725107
Temps= 0.4696899s
nbiterameliore= 1000
f1= 50
f2= 7.600000000000031
f3= 1.4504150108516192
Temps= 0.3048s
