fonctionobjectif= 3
pourcentage= 10.0
decroissance= 0.02
nbiterstagnant= 100
nbiterameliore= 10
f1= 30
f2= 5.583333333333333
f3= 0.7966945601811413
Temps= 0.4362303s
nbiterameliore= 15
f1= 40
f2= 6.25
f3= 0.9552486587271399
Temps= 0.3279332s
nbiterameliore= 1000
f1= 60
f2= 9.25
f3= 1.5352343288385797
Temps= 0.2804828s
