fonctionobjectif= 3
pourcentage= 10.0
decroissance= 0.02
nbiterstagnant= 100
f1= 30
f2= 5.583333333333333
f3= 0.7966945601811413
f1= 40
f2= 6.25
f3= 0.9552486587271399
f1= 30
f2= 6.7
f3= 1.0117366807184127
