fonctionobjectif= 3
pourcentage= 10.0
decroissance= 0.02
nbiterstagnant= 100
f1= 20
f2= 4.688307957483503
f3= 0.7757668508677605
f1= 30
f2= 5.153691467968999
f3= 0.9119392657567621
f1= 80
f2= 7.888537776501021
f3= 1.505988739649838
