fonctionobjectif= 3
pourcentage= 10.0
decroissance= 0.02
nbiterstagnant= 100
nbiterameliore= 10
f1= 30
f2= 5.111111111111146
f3= 0.8871510790372948
Temps= 0.427169s
nbiterameliore= 15
f1= 20
f2= 4.722222222222255
f3= 0.7876359377087677
Temps= 0.3617369s
nbiterameliore= 1000
f1= 40
f2= 8.16666666666669
f3= 1.3777329741819164
Temps= 0.3395989s
