fonctionobjectif= 3
pourcentage= 10.0
decroissance= 0.02
nbiterstagnant= 100
f1= 20
f2= 3.111111111111162
f3= 0.6610877680286008
f1= 30
f2= 4.688888888888929
f3= 0.8777074514725107
f1= 60
f2= 6.311111111111146
f3= 1.2442460159261701
