fonctionobjectif= 3
pourcentage= 10.0
decroissance= 0.02
nbiterstagnant= 100
f1= 20
f2= 5.488888888888899
f3= 0.7805506128748212
f1= 20
f2= 6.333333333333333
f3= 0.9118560640153033
f1= 40
f2= 7.577777777777783
f3= 1.1777253657101205
