fonctionobjectif= 3
pourcentage= 10.0
decroissance= 0.02
nbiterstagnant= 100
f1= 20
f2= 5.75
f3= 0.8700255424092125
f1= 30
f2= 5.333333333333333
f3= 0.8374896350934075
f1= 40
f2= 8.333333333333334
f3= 1.3869430814244366
