fonctionobjectif= 3
pourcentage= 10.0
decroissance= 0.02
nbiterstagnant= 100
nbiterameliore= 10
f1= 20
f2= 4.2
f3= 0.7710022337480251
Temps= 0.6468674s
nbiterameliore= 15
f1= 30
f2= 5.7
f3= 1.0192589900947104
Temps= 0.4837674s
nbiterameliore= 1000
f1= 40
f2= 6.366666666666666
f3= 1.122992035194868
Temps= 0.4401094s
