fonctionobjectif= 3
pourcentage= 10.0
decroissance= 0.02
nbiterstagnant= 100
f1= 40
f2= 6.066666666666644
f3= 1.0663193879120068
f1= 30
f2= 4.95555555555552
f3= 0.8649555758234915
f1= 20
f2= 4.622222222222187
f3= 0.798145999825243
