fonctionobjectif= 3
pourcentage= 10.0
decroissance= 0.02
nbiterstagnant= 100
nbiterameliore= 10
f1= 20
f2= 5.488888888888899
f3= 0.7805506128748212
Temps= 0.352712s
nbiterameliore= 15
f1= 20
f2= 6.333333333333333
f3= 0.9118560640153033
Temps= 0.326033s
nbiterameliore= 1000
f1= 70
f2= 8.4888888888889
f3= 1.433074912104634
Temps= 0.3361674s
