fonctionobjectif= 3
pourcentage= 10.0
decroissance= 0.02
nbiterstagnant= 100
nbiterameliore= 10
f1= 20
f2= 3.4
f3= 0.6157651067303722
Temps= 0.5230543s
nbiterameliore= 15
f1= 30
f2= 6.666666666666667
f3= 1.0756135200175037
Temps= 0.4626139s
nbiterameliore= 1000
f1= 50
f2= 7.0
f3= 1.2872235409766417
Temps= 0.3734125s
