fonctionobjectif= 3
pourcentage= 10.0
decroissance= 0.02
nbiterstagnant= 100
nbiterameliore= 10
f1= 30
f2= 4.111111111111161
f3= 0.8221471437193745
Temps= 0.497112s
nbiterameliore= 15
f1= 40
f2= 5.777777777777813
f3= 1.0318986456114836
Temps= 0.4922997s
nbiterameliore= 1000
f1= 60
f2= 7.500000000000023
f3= 1.3777329741819164
Temps= 0.3573025s
