fonctionobjectif= 3
pourcentage= 10.0
decroissance= 0.02
nbiterstagnant= 100
f1= 20
f2= 3.3
f3= 0.6540472290116194
f1= 30
f2= 5.133333333333334
f3= 0.9036961141150639
f1= 50
f2= 7.066666666666666
f3= 1.2627131283250541
