fonctionobjectif= 3
pourcentage= 10.0
decroissance= 0.02
nbiterstagnant= 100
nbiterameliore= 10
f1= 30
f2= 5.644444444444449
f3= 0.7981459998252428
Temps= 0.4063952s
nbiterameliore= 15
f1= 30
f2= 6.444444444444457
f3= 0.956459520740326
Temps= 0.3774661s
nbiterameliore= 1000
f1= 50
f2= 8.666666666666666
f3= 1.3635465739237729
Temps= 0.3019976s
