fonctionobjectif= 3
pourcentage= 10.0
decroissance= 0.02
nbiterstagnant= 100
f1= 30
f2= 5.433333333333326
f3= 0.7588978362901859
f1= 20
f2= 5.199999999999985
f3= 0.7213670150279747
f1= 50
f2= 8.0
f3= 1.255358883318203
