fonctionobjectif= 3
pourcentage= 10.0
decroissance= 0.02
nbiterstagnant= 100
f1= 20
f2= 4.916666666666704
f3= 0.897269520597124
f1= 20
f2= 2.6222222222222777
f3= 0.6451385151296609
f1= 40
f2= 6.24444444444448
f3= 1.2131608546517068
