fonctionobjectif= 3
pourcentage= 10.0
decroissance= 0.02
nbiterstagnant= 100
f1= 20
f2= 5.2
f3= 0.7149203529842405
f1= 30
f2= 5.533333333333333
f3= 0.7888106377466155
f1= 50
f2= 9.066666666666666
f3= 1.4757295747452437
