fonctionobjectif= 3
pourcentage= 10.0
decroissance= 0.02
nbiterstagnant= 100
nbiterameliore= 10
f1= 30
f2= 4.946854352197614
f3= 0.7675641241965083
Temps= 0.4434823s
nbiterameliore= 15
f1= 20
f2= 5.889112324044799
f3= 0.8726505302217652
Temps= 0.3857561s
nbiterameliore= 1000
f1= 50
f2= 8.60097673082446
f3= 1.4028787509602372
Temps= 0.3316451s
