fonctionobjectif= 3
pourcentage= 10.0
decroissance= 0.02
nbiterstagnant= 100
nbiterameliore= 10
f1= 30
f2= 5.983333333333325
f3= 0.865758070731678
Temps= 0.4249292s
nbiterameliore= 15
f1= 30
f2= 6.133333333333318
f3= 0.897269520597124
Temps= 0.3698394s
nbiterameliore= 1000
f1= 60
f2= 8.166666666666666
f3= 1.3015304381694197
Temps= 0.3315007s
