fonctionobjectif= 3
pourcentage= 10.0
decroissance= 0.02
nbiterstagnant= 100
nbiterameliore= 10
f1= 30
f2= 4.827777777777821
f3= 0.915656008512982
Temps= 0.4183942s
nbiterameliore= 15
f1= 20
f2= 3.533333333333379
f3= 0.6704752322323599
Temps= 0.3949638s
nbiterameliore= 1000
f1= 60
f2= 7.005555555555588
f3= 1.396258227204781
Temps= 0.3120535s
