fonctionobjectif= 3
pourcentage= 10.0
decroissance= 0.02
nbiterstagnant= 100
f1= 20
f2= 3.9
f3= 0.7340905181848413
f1= 40
f2= 4.833333333333333
f3= 0.93392838174146
f1= 40
f2= 6.366666666666666
f3= 1.0979779394667069
