fonctionobjectif= 3
pourcentage= 10.0
decroissance= 0.02
nbiterstagnant= 100
nbiterameliore= 10
f1= 30
f2= 3.361111111111063
f3= 0.718473175354309
Temps= 0.467232s
nbiterameliore= 15
f1= 30
f2= 4.638888888888846
f3= 0.8910563851303022
Temps= 0.5062724s
nbiterameliore= 1000
f1= 50
f2= 7.833333333333303
f3= 1.4393607120035128
Temps= 0.3563884s
