fonctionobjectif= 3
pourcentage= 10.0
decroissance= 0.02
nbiterstagnant= 100
nbiterameliore= 10
f1= 30
f2= 5.194444444444457
f3= 0.718473175354309
Temps= 0.4248006s
nbiterameliore= 15
f1= 20
f2= 5.638888888888891
f3= 0.7920320794101806
Temps= 0.351009s
nbiterameliore= 1000
f1= 60
f2= 8.250000000000007
f3= 1.3393959390267989
Temps= 0.3363202s
