fonctionobjectif= 3
pourcentage= 10.0
decroissance= 0.02
nbiterstagnant= 100
f1= 30
f2= 4.827777777777821
f3= 0.915656008512982
f1= 20
f2= 3.533333333333379
f3= 0.6704752322323599
f1= 30
f2= 4.711111111111147
f3= 0.852827541074287
