fonctionobjectif= 3
pourcentage= 10.0
decroissance= 0.02
nbiterstagnant= 100
nbiterameliore= 10
f1= 20
f2= 4.122222222222263
f3= 0.7487644143174461
Temps= 0.5635247s
nbiterameliore= 15
f1= 30
f2= 5.30000000000003
f3= 0.9455059394215783
Temps= 0.4147973s
nbiterameliore= 1000
f1= 40
f2= 8.516666666666689
f3= 1.3762199974864053
Temps= 0.3371915s
