fonctionobjectif= 3
pourcentage= 10.0
decroissance= 0.02
nbiterstagnant= 100
nbiterameliore= 10
f1= 30
f2= 5.844233055885838
f3= 0.8688791644993723
Temps= 0.4656935s
nbiterameliore= 15
f1= 30
f2= 5.529131985731252
f3= 0.8339652093441848
Temps= 0.4007119s
nbiterameliore= 1000
f1= 40
f2= 6.563614744351941
f3= 1.054357242650209
Temps= 0.3196268s
