fonctionobjectif= 3
pourcentage= 10.0
decroissance= 0.02
nbiterstagnant= 100
nbiterameliore= 10
f1= 20
f2= 5.2
f3= 0.7149203529842405
Temps= 0.3954836s
nbiterameliore= 15
f1= 30
f2= 5.533333333333333
f3= 0.7888106377466155
Temps= 0.3218458s
nbiterameliore= 1000
f1= 50
f2= 7.733333333333333
f3= 1.2064640713902572
Temps= 0.2757013s
