fonctionobjectif= 3
pourcentage= 10.0
decroissance= 0.02
nbiterstagnant= 100
nbiterameliore= 10
f1= 20
f2= 4.044444444444404
f3= 0.7252075054258099
Temps= 0.4131263s
nbiterameliore= 15
f1= 30
f2= 5.244444444444412
f3= 0.8964952335086358
Temps= 0.3962545s
nbiterameliore= 1000
f1= 50
f2= 7.399999999999977
f3= 1.3009967688632404
Temps= 0.3190142s
