fonctionobjectif= 3
pourcentage= 10.0
decroissance= 0.02
nbiterstagnant= 100
nbiterameliore= 10
f1= 20
f2= 4.5
f3= 0.8062257748298549
Temps= 0.5325362s
nbiterameliore= 15
f1= 40
f2= 5.433333333333334
f3= 0.9632122184533259
Temps= 0.3820366s
nbiterameliore= 1000
f1= 60
f2= 6.133333333333334
f3= 1.2179217270963405
Temps= 0.3581589s
