fonctionobjectif= 3
pourcentage= 10.0
decroissance= 0.02
nbiterstagnant= 100
f1= 30
f2= 5.111111111111146
f3= 0.8871510790372948
f1= 20
f2= 4.722222222222255
f3= 0.7876359377087677
f1= 60
f2= 8.111111111111132
f3= 1.3777329741819164
