fonctionobjectif= 3
pourcentage= 10.0
decroissance= 0.02
nbiterstagnant= 100
nbiterameliore= 10
f1= 30
f2= 5.433333333333326
f3= 0.7588978362901859
Temps= 0.4752157s
nbiterameliore= 15
f1= 20
f2= 5.199999999999985
f3= 0.7213670150279747
Temps= 0.387982s
nbiterameliore= 1000
f1= 60
f2= 8.855555555555558
f3= 1.4599594109020573
Temps= 0.3317069s
