fonctionobjectif= 3
pourcentage= 10.0
decroissance= 0.02
nbiterstagnant= 100
f1= 20
f2= 3.4
f3= 0.6157651067303722
f1= 30
f2= 6.666666666666667
f3= 1.0756135200175037
f1= 40
f2= 8.566666666666666
f3= 1.3504114599303099
