fonctionobjectif= 3
pourcentage= 10.0
decroissance= 0.02
nbiterstagnant= 100
nbiterameliore= 10
f1= 20
f2= 6.0
f3= 0.9632122184533259
Temps= 0.5488989s
nbiterameliore= 15
f1= 20
f2= 5.1
f3= 0.8724168218868267
Temps= 0.4853548s
nbiterameliore= 1000
f1= 60
f2= 6.6
f3= 1.327068615826292
Temps= 0.4752225s
