fonctionobjectif= 3
pourcentage= 10.0
decroissance= 0.02
nbiterstagnant= 100
f1= 30
f2= 3.361111111111063
f3= 0.718473175354309
f1= 30
f2= 4.638888888888846
f3= 0.8910563851303022
f1= 40
f2= 9.055555555555536
f3= 1.4393607120035128
