fonctionobjectif= 3
pourcentage= 10.0
decroissance= 0.02
nbiterstagnant= 100
nbiterameliore= 10
f1= 40
f2= 4.2620881201868555
f3= 0.6785615509788736
Temps= 1.7453677s
nbiterameliore= 15
f1= 40
f2= 3.9616210074485645
f3= 0.5995401818454381
Temps= 1.6370602s
nbiterameliore= 1000
f1= 60
f2= 7.4409796742835566
f3= 1.0920973204842632
Temps= 1.1479954s
