fonctionobjectif= 3
pourcentage= 10.0
decroissance= 0.02
nbiterstagnant= 100
nbiterameliore= 10
f1= 30
f2= 5.762962962962966
f3= 0.6708715131123278
Temps= 1.5954716s
nbiterameliore= 15
f1= 40
f2= 6.283950617283962
f3= 0.7734447202313633
Temps= 1.4671351s
nbiterameliore= 1000
f1= 60
f2= 8.081481481481488
f3= 1.056756951135071
Temps= 1.1509172s
