fonctionobjectif= 3
pourcentage= 10.0
decroissance= 0.02
nbiterstagnant= 100
nbiterameliore= 10
f1= 40
f2= 6.014814814814796
f3= 0.7864594830749507
Temps= 1.429109s
nbiterameliore= 15
f1= 40
f2= 7.244444444444429
f3= 0.9434635429046125
Temps= 1.3259488s
nbiterameliore= 1000
f1= 50
f2= 7.214814814814786
f3= 1.0067672257843818
Temps= 1.0751818s
