fonctionobjectif= 3
pourcentage= 10.0
decroissance= 0.02
nbiterstagnant= 100
nbiterameliore= 10
f1= 30
f2= 5.446913580246913
f3= 0.6135193849140343
Temps= 1.5470918s
nbiterameliore= 15
f1= 30
f2= 6.558024691358024
f3= 0.7895059315243985
Temps= 1.2982049s
nbiterameliore= 1000
f1= 60
f2= 8.12839506172839
f3= 1.045205921520417
Temps= 0.9671349s
