fonctionobjectif= 3
pourcentage= 10.0
decroissance= 0.02
nbiterstagnant= 100
nbiterameliore= 10
f1= 40
f2= 6.444444444444454
f3= 0.8318917572302296
Temps= 1.7582137s
nbiterameliore= 15
f1= 40
f2= 6.641975308641981
f3= 0.8466021815305524
Temps= 1.715624s
nbiterameliore= 1000
f1= 50
f2= 7.2345679012345805
f3= 0.9689981816260095
Temps= 1.2819371s
