fonctionobjectif= 3
pourcentage= 10.0
decroissance= 0.02
nbiterstagnant= 100
f1= 30
f2= 6.40000000000001
f3= 0.7734447202313633
f1= 30
f2= 6.844444444444455
f3= 0.8348545785659544
f1= 50
f2= 7.753086419753092
f3= 1.0211078198203245
