fonctionobjectif= 3
pourcentage= 10.0
decroissance= 0.02
nbiterstagnant= 100
nbiterameliore= 10
f1= 20
f2= 3.977272727272727
f3= 0.5972669330008136
Temps= 1.4894397s
nbiterameliore= 15
f1= 30
f2= 5.340909090909091
f3= 0.8164834013181769
Temps= 1.2687857s
nbiterameliore= 1000
f1= 70
f2= 5.596590909090909
f3= 0.9882117688026185
Temps= 1.0121931s
