fonctionobjectif= 3
pourcentage= 10.0
decroissance= 0.02
nbiterstagnant= 100
nbiterameliore= 10
f1= 30
f2= 5.044444444444414
f3= 0.667591950479991
Temps= 2.2264017s
nbiterameliore= 15
f1= 1220
f2= 219.76296296296294
f3= 29.297979536791807
Temps= 1.7596885s
nbiterameliore= 1000
f1= 1300
f2= 222.9925925925926
f3= 30.29405271055079
Temps= 0.9507359s
