fonctionobjectif= 3
pourcentage= 10.0
decroissance= 0.02
nbiterstagnant= 100
f1= 40
f2= 7.135462694104291
f3= 0.9095440720399217
f1= 30
f2= 6.090140133821507
f3= 0.7746136999426726
f1= 40
f2= 7.0748642848125325
f3= 0.8813465519154005
