fonctionobjectif= 3
pourcentage= 10.0
decroissance= 0.02
nbiterstagnant= 100
f1= 30
f2= 3.772250978411794
f3= 0.6315716806141546
f1= 30
f2= 4.191389976013109
f3= 0.6703592038329783
f1= 70
f2= 7.0218406766822214
f3= 1.075343156346261
