fonctionobjectif= 3
pourcentage= 10.0
decroissance= 0.02
nbiterstagnant= 100
f1= 30
f2= 4.9382716049382855
f3= 0.7640768567838592
f1= 30
f2= 4.350617283950633
f3= 0.731047691346686
f1= 30
f2= 5.930864197530875
f3= 0.8261833181391811
