fonctionobjectif= 3
pourcentage= 10.0
decroissance= 0.02
nbiterstagnant= 100
f1= 30
f2= 4.997530864197506
f3= 0.7694438873287636
f1= 30
f2= 3.911111111111081
f3= 0.6662550169412996
f1= 30
f2= 6.735802469135787
f3= 0.9425180062173324
