fonctionobjectif= 3
pourcentage= 10.0
decroissance= 0.02
nbiterstagnant= 100
f1= 30
f2= 5.911111111111111
f3= 0.7166451331820932
f1= 30
f2= 6.088888888888889
f3= 0.7503085784948504
f1= 30
f2= 7.2444444444444445
f3= 0.8999314102807372
