fonctionobjectif= 3
pourcentage= 10.0
decroissance= 0.02
nbiterstagnant= 100
nbiterameliore= 10
f1= 20
f2= 5.777048352480748
f3= 0.6705707737305714
Temps= 2.0627239s
nbiterameliore= 15
f1= 40
f2= 6.976391869713412
f3= 0.8528820972652075
Temps= 1.9688611s
nbiterameliore= 1000
f1= 50
f2= 7.723772250978422
f3= 1.0025719829964235
Temps= 1.4725629s
