fonctionobjectif= 3
pourcentage= 10.0
decroissance= 0.02
nbiterstagnant= 100
f1= 40
f2= 6.444444444444454
f3= 0.8318917572302296
f1= 40
f2= 6.641975308641981
f3= 0.8466021815305524
f1= 40
f2= 7.691358024691363
f3= 0.9816561689406347
