fonctionobjectif= 3
pourcentage= 10.0
decroissance= 0.02
nbiterstagnant= 100
nbiterameliore= 10
f1= 20
f2= 5.052392374700158
f3= 0.7449281963194165
Temps= 1.8760959s
nbiterameliore= 15
f1= 20
f2= 4.393384673652309
f3= 0.6922210673310977
Temps= 1.9089552s
nbiterameliore= 1000
f1= 50
f2= 8.382779952026256
f3= 1.1120477157945854
Temps= 1.4125298s
