fonctionobjectif= 3
pourcentage= 10.0
decroissance= 0.02
nbiterstagnant= 100
f1= 20
f2= 4.544880696881665
f3= 0.6335898448650205
f1= 40
f2= 5.9058199722257
f3= 0.8086590527317828
f1= 70
f2= 8.082312839287944
f3= 1.1665808610217379
