fonctionobjectif= 3
pourcentage= 10.0
decroissance= 0.02
nbiterstagnant= 100
nbiterameliore= 10
f1= 40
f2= 5.457128099173536
f3= 0.807083677653554
Temps= 1.6928017s
nbiterameliore= 15
f1= 40
f2= 8.440082644628092
f3= 1.1274833805775528
Temps= 1.6153599s
nbiterameliore= 1000
f1= 40
f2= 5.6844008264462635
f3= 0.8229280096191754
Temps= 1.2654778s
