fonctionobjectif= 3
pourcentage= 10.0
decroissance= 0.02
nbiterstagnant= 100
nbiterameliore= 10
f1= 30
f2= 4.736775659638951
f3= 0.7203388539996737
Temps= 1.9470769s
nbiterameliore= 15
f1= 30
f2= 5.504355510667859
f3= 0.787328021475901
Temps= 1.6145598s
nbiterameliore= 1000
f1= 60
f2= 6.8198459790430634
f3= 1.129764657231104
Temps= 1.360445s
