fonctionobjectif= 3
pourcentage= 10.0
decroissance= 0.02
nbiterstagnant= 100
nbiterameliore= 10
f1= 20
f2= 5.794722888524176
f3= 0.6720498980788888
Temps= 1.248575s
nbiterameliore= 15
f1= 20
f2= 5.665951268779194
f3= 0.6529944320612132
Temps= 1.190036s
nbiterameliore= 1000
f1= 60
f2= 7.817194798636536
f3= 1.0160638863873213
Temps= 0.957956s
