fonctionobjectif= 3
pourcentage= 10.0
decroissance= 0.02
nbiterstagnant= 100
f1= 530
f2= 55.074074074074076
f3= 9.085940842183286
f1= 1010
f2= 137.11111111111106
f3= 21.56268496073829
f1= 1010
f2= 125.46666666666661
f3= 21.455351285062477
