fonctionobjectif= 3
pourcentage= 10.0
decroissance= 0.02
nbiterstagnant= 100
f1= 20
f2= 5.53086419753087
f3= 0.6711781505229213
f1= 40
f2= 5.595061728395068
f3= 0.7242611295751298
f1= 60
f2= 7.81728395061729
f3= 1.1026840927957569
