fonctionobjectif= 3
pourcentage= 10.0
decroissance= 0.02
nbiterstagnant= 100
nbiterameliore= 10
f1= 30
f2= 5.911111111111111
f3= 0.7166451331820932
Temps= 1.5861128s
nbiterameliore= 15
f1= 30
f2= 6.088888888888889
f3= 0.7503085784948504
Temps= 1.4737055s
nbiterameliore= 1000
f1= 60
f2= 8.488888888888889
f3= 1.130934279999953
Temps= 1.176514s
