fonctionobjectif= 3
pourcentage= 10.0
decroissance= 0.02
nbiterstagnant= 100
nbiterameliore= 10
f1= 40
f2= 5.845221562933973
f3= 0.7232866450115414
Temps= 1.5611894s
nbiterameliore= 15
f1= 30
f2= 5.8881454361823
f3= 0.7056162084640298
Temps= 1.5136179s
nbiterameliore= 1000
f1= 80
f2= 7.733871985860371
f3= 1.0861060437081684
Temps= 1.1359936s
