fonctionobjectif= 3
pourcentage= 10.0
decroissance= 0.02
nbiterstagnant= 100
f1= 20
f2= 5.7925925925925945
f3= 0.667591950479991
f1= 30
f2= 7.1259259259259276
f3= 0.861379886369525
f1= 40
f2= 7.511111111111106
f3= 0.9564595207403266
