fonctionobjectif= 3
pourcentage= 10.0
decroissance= 0.02
nbiterstagnant= 100
nbiterameliore= 10
f1= 30
f2= 4.9382716049382855
f3= 0.7640768567838592
Temps= 2.4808945s
nbiterameliore= 15
f1= 30
f2= 4.350617283950633
f3= 0.731047691346686
Temps= 2.9609551s
nbiterameliore= 1000
f1= 50
f2= 5.807407407407421
f3= 0.9641018905791965
Temps= 2.9696105s
