fonctionobjectif= 3
pourcentage= 10.0
decroissance= 0.02
nbiterstagnant= 100
nbiterameliore= 10
f1= 20
f2= 4.296296296296254
f3= 0.6749485577105527
Temps= 2.03864s
nbiterameliore= 15
f1= 30
f2= 4.511111111111071
f3= 0.7105900869030879
Temps= 1.843292s
nbiterameliore= 1000
f1= 50
f2= 6.088888888888843
f3= 1.011660412452448
Temps= 1.4580651s
