fonctionobjectif= 3
pourcentage= 10.0
decroissance= 0.02
nbiterstagnant= 100
nbiterameliore= 10
f1= 40
f2= 7.135462694104291
f3= 0.9095440720399217
Temps= 1.9225505s
nbiterameliore= 15
f1= 30
f2= 6.090140133821507
f3= 0.7746136999426726
Temps= 1.9057655s
nbiterameliore= 1000
f1= 50
f2= 8.319656609014025
f3= 1.109621473413946
Temps= 1.4532293s
