fonctionobjectif= 3
pourcentage= 10.0
decroissance= 0.02
nbiterstagnant= 100
nbiterameliore= 10
f1= 40
f2= 6.325925925925928
f3= 0.7737107068455992
Temps= 1.4081842s
nbiterameliore= 15
f1= 30
f2= 6.0987654320987685
f3= 0.72426112957513
Temps= 1.5135419s
nbiterameliore= 1000
f1= 70
f2= 8.103703703703705
f3= 1.1357756303860702
Temps= 1.1920926s
