fonctionobjectif= 3
pourcentage= 10.0
decroissance= 0.02
nbiterstagnant= 100
f1= 40
f2= 6.325925925925928
f3= 0.7737107068455992
f1= 30
f2= 6.0987654320987685
f3= 0.72426112957513
f1= 60
f2= 8.429629629629632
f3= 1.1026840927957569
