fonctionobjectif= 3
pourcentage= 10.0
decroissance= 0.02
nbiterstagnant= 100
nbiterameliore= 10
f1= 30
f2= 6.40000000000001
f3= 0.7734447202313633
Temps= 1.3972437s
nbiterameliore= 15
f1= 30
f2= 6.844444444444455
f3= 0.8348545785659544
Temps= 1.2829015s
nbiterameliore= 1000
f1= 60
f2= 7.414814814814822
f3= 0.9841682303468967
Temps= 0.8978539s
