fonctionobjectif= 3
pourcentage= 10.0
decroissance= 0.02
nbiterstagnant= 100
f1= 40
f2= 5.457128099173536
f3= 0.807083677653554
f1= 40
f2= 8.440082644628092
f3= 1.1274833805775528
f1= 50
f2= 6.5392561983470925
f3= 0.9262805368692142
