fonctionobjectif= 3
pourcentage= 10.0
decroissance= 0.02
nbiterstagnant= 100
f1= 30
f2= 4.736775659638951
f3= 0.7203388539996737
f1= 30
f2= 5.504355510667859
f3= 0.787328021475901
f1= 70
f2= 6.112864537305908
f3= 1.0365198903491082
