fonctionobjectif= 3
pourcentage= 10.0
decroissance= 0.02
nbiterstagnant= 100
nbiterameliore= 10
f1= 20
f2= 5.3326600176745265
f3= 0.6652613412267413
Temps= 1.1186753s
nbiterameliore= 15
f1= 50
f2= 5.782098219921718
f3= 0.7707585065117304
Temps= 0.9462687s
nbiterameliore= 1000
f1= 60
f2= 6.9713420022724275
f3= 1.0115865795093695
Temps= 0.8570796s
