fonctionobjectif= 3
pourcentage= 10.0
decroissance= 0.02
nbiterstagnant= 100
f1= 40
f2= 6.014814814814796
f3= 0.7864594830749507
f1= 40
f2= 7.244444444444429
f3= 0.9434635429046125
f1= 60
f2= 6.629629629629613
f3= 0.9564595207403264
