fonctionobjectif= 3
pourcentage= 10.0
decroissance= 0.02
nbiterstagnant= 100
f1= 20
f2= 5.794722888524176
f3= 0.6720498980788888
f1= 20
f2= 5.665951268779194
f3= 0.6529944320612132
f1= 70
f2= 8.5216513066532
f3= 1.144608461647209
