fonctionobjectif= 3
pourcentage= 10.0
decroissance= 0.02
nbiterstagnant= 100
nbiterameliore= 10
f1= 30
f2= 4.948148148148175
f3= 0.5732969650633879
Temps= 1.599551s
nbiterameliore= 15
f1= 30
f2= 5.2493827160494115
f3= 0.6346207404623375
Temps= 1.4824102s
nbiterameliore= 1000
f1= 30
f2= 6.503703703703731
f3= 0.8211872030764793
Temps= 1.0856023s
