fonctionobjectif= 3
pourcentage= 10.0
decroissance= 0.02
nbiterstagnant= 100
f1= 20
f2= 3.977272727272727
f3= 0.5972669330008136
f1= 30
f2= 5.340909090909091
f3= 0.8164834013181769
f1= 40
f2= 6.931818181818182
f3= 1.0266653977041278
