fonctionobjectif= 3
pourcentage= 10.0
decroissance= 0.02
nbiterstagnant= 100
nbiterameliore= 10
f1= 30
f2= 5.666666666666667
f3= 0.6509463407577871
Temps= 1.6780901s
nbiterameliore= 15
f1= 30
f2= 6.029629629629623
f3= 0.7055531252995958
Temps= 1.4386275s
nbiterameliore= 1000
f1= 60
f2= 7.829629629629643
f3= 1.0442211476562906
Temps= 1.548801s
