fonctionobjectif= 3
pourcentage= 10.0
decroissance= 0.02
nbiterstagnant= 100
f1= 40
f2= 4.2620881201868555
f3= 0.6785615509788736
f1= 40
f2= 3.9616210074485645
f3= 0.5995401818454381
f1= 30
f2= 5.458906703699037
f3= 0.7982425313782419
