fonctionobjectif= 3
pourcentage= 10.0
decroissance= 0.02
nbiterstagnant= 100
nbiterameliore= 10
f1= 20
f2= 4.506172839506184
f3= 0.6064355368517358
Temps= 1.466172s
nbiterameliore= 15
f1= 20
f2= 3.6049382716049525
f3= 0.4942744887541699
Temps= 1.2441179s
nbiterameliore= 1000
f1= 50
f2= 7.7259259259259325
f3= 1.064516866527762
Temps= 1.0008145s
