fonctionobjectif= 3
pourcentage= 10.0
decroissance= 0.02
nbiterstagnant= 100
f1= 40
f2= 5.845221562933973
f3= 0.7232866450115414
f1= 30
f2= 5.8881454361823
f3= 0.7056162084640298
f1= 50
f2= 8.183310188107562
f3= 1.0861060437081682
