fonctionobjectif= 3
pourcentage= 10.0
decroissance= 0.02
nbiterstagnant= 100
f1= 30
f2= 4.948148148148175
f3= 0.5732969650633879
f1= 30
f2= 5.2493827160494115
f3= 0.6346207404623375
f1= 70
f2= 7.377777777777798
f3= 1.0341228896468895
