fonctionobjectif= 3
pourcentage= 10.0
decroissance= 0.02
nbiterstagnant= 100
nbiterameliore= 10
f1= 530
f2= 55.074074074074076
f3= 9.085940842183286
Temps= 5.9987749s
nbiterameliore= 15
f1= 1010
f2= 137.11111111111106
f3= 21.56268496073829
Temps= 4.3208937s
nbiterameliore= 1000
f1= 920
f2= 125.37037037037031
f3= 19.774313054822496
Temps= 3.6730555s
