fonctionobjectif= 3
pourcentage= 10.0
decroissance= 0.02
nbiterstagnant= 100
f1= 20
f2= 5.777048352480748
f3= 0.6705707737305714
f1= 40
f2= 6.976391869713412
f3= 0.8528820972652075
f1= 40
f2= 6.95619239994951
f3= 0.8675581876971695
