fonctionobjectif= 3
pourcentage= 10.0
decroissance= 0.02
nbiterstagnant= 100
f1= 30
f2= 5.407407407407415
f3= 0.6126243889817875
f1= 30
f2= 6.059259259259271
f3= 0.7235031376044312
f1= 60
f2= 8.177777777777788
f3= 1.0795518045769885
