fonctionobjectif= 3
pourcentage= 10.0
decroissance= 0.02
nbiterstagnant= 100
nbiterameliore= 10
f1= 30
f2= 5.407407407407415
f3= 0.6126243889817875
Temps= 1.5466417s
nbiterameliore= 15
f1= 30
f2= 6.059259259259271
f3= 0.7235031376044312
Temps= 1.3332093s
nbiterameliore= 1000
f1= 60
f2= 8.40000000000001
f3= 1.1133311155444756
Temps= 1.07077s
