fonctionobjectif= 3
pourcentage= 10.0
decroissance= 0.02
nbiterstagnant= 100
f1= 30
f2= 5.044444444444414
f3= 0.667591950479991
f1= 1220
f2= 219.76296296296294
f3= 29.297979536791807
f1= 1250
f2= 198.4444444444444
f3= 28.916247728847004
