fonctionobjectif= 3
pourcentage= 10.0
decroissance= 0.02
nbiterstagnant= 100
nbiterameliore= 10
f1= 20
f2= 5.7925925925925945
f3= 0.667591950479991
Temps= 1.6982906s
nbiterameliore= 15
f1= 30
f2= 7.1259259259259276
f3= 0.861379886369525
Temps= 1.5451324s
nbiterameliore= 1000
f1= 60
f2= 7.511111111111106
f3= 1.0067672257843818
Temps= 1.1787673s
