fonctionobjectif= 3
pourcentage= 10.0
decroissance= 0.02
nbiterstagnant= 100
f1= 20
f2= 5.052392374700158
f3= 0.7449281963194165
f1= 20
f2= 4.393384673652309
f3= 0.6922210673310977
f1= 50
f2= 8.137861381138743
f3= 1.1120477157945854
