fonctionobjectif= 3
pourcentage= 10.0
decroissance= 0.02
nbiterstagnant= 100
nbiterameliore= 10
f1= 30
f2= 4.997530864197506
f3= 0.7694438873287636
Temps= 1.6387741s
nbiterameliore= 15
f1= 30
f2= 3.911111111111081
f3= 0.6662550169412996
Temps= 1.4630522s
nbiterameliore= 1000
f1= 50
f2= 6.118518518518491
f3= 0.9935318938728946
Temps= 1.255225s
