fonctionobjectif= 3
pourcentage= 10.0
decroissance= 0.02
nbiterstagnant= 100
f1= 20
f2= 4.506172839506184
f3= 0.6064355368517358
f1= 20
f2= 3.6049382716049525
f3= 0.4942744887541699
f1= 30
f2= 4.854320987654334
f3= 0.7008714935564935
