fonctionobjectif= 3
pourcentage= 10.0
decroissance= 0.02
nbiterstagnant= 100
nbiterameliore= 10
f1= 20
f2= 4.544880696881665
f3= 0.6335898448650205
Temps= 1.4667s
nbiterameliore= 15
f1= 40
f2= 5.9058199722257
f3= 0.8086590527317828
Temps= 1.1691796s
nbiterameliore= 1000
f1= 70
f2= 7.632874637040753
f3= 1.0765297058897316
Temps= 0.9676036s
