fonctionobjectif= 3
pourcentage= 10.0
decroissance= 0.02
nbiterstagnant= 100
f1= 20
f2= 4.296296296296254
f3= 0.6749485577105527
f1= 30
f2= 4.511111111111071
f3= 0.7105900869030879
f1= 20
f2= 3.4370370370369883
f3= 0.5973191135873603
