fonctionobjectif= 3
pourcentage= 10.0
decroissance= 0.02
nbiterstagnant= 100
nbiterameliore= 10
f1= 30
f2= 3.772250978411794
f3= 0.6315716806141546
Temps= 1.5021776s
nbiterameliore= 15
f1= 30
f2= 4.191389976013109
f3= 0.6703592038329783
Temps= 1.2186125s
nbiterameliore= 1000
f1= 50
f2= 7.875268274207789
f3= 1.110004916887954
Temps= 1.01954s
