fonctionobjectif= 3
pourcentage= 10.0
decroissance= 0.02
nbiterstagnant= 100
f1= 30
f2= 5.762962962962966
f3= 0.6708715131123278
f1= 40
f2= 6.283950617283962
f3= 0.7734447202313633
f1= 50
f2= 7.0962962962963
f3= 0.9057808551056895
