fonctionobjectif= 3
pourcentage= 10.0
decroissance= 0.02
nbiterstagnant= 100
f1= 30
f2= 5.666666666666667
f3= 0.6509463407577871
f1= 30
f2= 6.029629629629623
f3= 0.7055531252995958
f1= 40
f2= 7.829629629629643
f3= 0.995807397599483
