fonctionobjectif= 3
pourcentage= 10.0
decroissance= 0.02
nbiterstagnant= 100
f1= 20
f2= 5.3326600176745265
f3= 0.6652613412267413
f1= 50
f2= 5.782098219921718
f3= 0.7707585065117304
f1= 80
f2= 7.238984976644355
f3= 1.0838834951565852
