fonctionobjectif= 3
pourcentage= 10.0
decroissance= 0.02
nbiterstagnant= 100
f1= 30
f2= 5.446913580246913
f3= 0.6135193849140343
f1= 30
f2= 6.558024691358024
f3= 0.7895059315243985
f1= 50
f2= 6.780246913580246
f3= 0.8641622567756967
