fonctionobjectif= 3
pourcentage= 10.0
decroissance= 0.02
nbiterstagnant= 100
nbiterameliore= 10
f1= 20
f2= 5.53086419753087
f3= 0.6711781505229213
Temps= 1.5996253s
nbiterameliore= 15
f1= 40
f2= 5.595061728395068
f3= 0.7242611295751298
Temps= 1.5020278s
nbiterameliore= 1000
f1= 50
f2= 9.081481481481482
f3= 1.1679299450964298
Temps= 1.1070489s
