fonctionobjectif= 3
pourcentage= 10.0
decroissance= 0.02
nbiterstagnant= 100
f1= 50
f2= 12.8
f3= 3.507135583350036
f1= 90
f2= 17.6
f3= 4.929503017546495
f1= 60
f2= 15.2
f3= 4.098780306383839
