fonctionobjectif= 3
pourcentage= 10.0
decroissance= 0.02
nbiterstagnant= 100
nbiterameliore= 10
f1= 40
f2= 8.5
f3= 2.2885584982691616
Temps= 0.0073564s
nbiterameliore= 15
f1= 50
f2= 10.5
f3= 2.781636209140225
Temps= 0.0067967s
nbiterameliore= 1000
f1= 50
f2= 12.95
f3= 3.352238058372347
Temps= 0.007369s
