fonctionobjectif= 3
pourcentage= 10.0
decroissance= 0.02
nbiterstagnant= 100
f1= 40
f2= 8.51851851851852
f3= 2.4845199749997664
f1= 40
f2= 9.25925925925926
f3= 2.605786533235239
f1= 60
f2= 11.11111111111111
f3= 3.2394177193585003
