fonctionobjectif= 3
pourcentage= 10.0
decroissance= 0.02
nbiterstagnant= 100
f1= 40
f2= 7.5900277008310235
f3= 2.1531939881228563
f1= 40
f2= 9.196675900277008
f3= 2.6176918902886315
f1= 30
f2= 6.537396121883655
f3= 1.724585309282369
