fonctionobjectif= 3
pourcentage= 10.0
decroissance= 0.02
nbiterstagnant= 100
f1= 60
f2= 8.6
f3= 2.8809720581775866
f1= 40
f2= 9.2
f3= 2.4083189157584592
f1= 70
f2= 10.4
f3= 3.1304951684997055
