fonctionobjectif= 3
pourcentage= 10.0
decroissance= 0.02
nbiterstagnant= 100
f1= 40
f2= 8.5
f3= 2.331844763272204
f1= 50
f2= 7.75
f3= 2.537222891273055
f1= 80
f2= 15.25
f3= 4.293891009329417
