fonctionobjectif= 3
pourcentage= 10.0
decroissance= 0.02
nbiterstagnant= 100
nbiterameliore= 10
f1= 30
f2= 7.9
f3= 2.1330729007701543
Temps= 0.0210609s
nbiterameliore= 15
f1= 60
f2= 14.0
f3= 3.748332962798263
Temps= 0.0128903s
nbiterameliore= 1000
f1= 80
f2= 15.0
f3= 4.801041553663121
Temps= 0.0115084s
