fonctionobjectif= 3
pourcentage= 10.0
decroissance= 0.02
nbiterstagnant= 100
f1= 40
f2= 7.645429362880887
f3= 2.219872078631487
f1= 30
f2= 5.7617728531855965
f3= 1.807147526903057
f1= 60
f2= 6.9252077562326875
f3= 2.6728072372474116
