fonctionobjectif= 3
pourcentage= 10.0
decroissance= 0.02
nbiterstagnant= 100
nbiterameliore= 10
f1= 40
f2= 8.88888888888889
f3= 2.4286809349266667
Temps= 0.006795s
nbiterameliore= 15
f1= 50
f2= 9.629629629629632
f3= 2.8926850651506126
Temps= 0.005092s
nbiterameliore= 1000
f1= 60
f2= 12.71604938271605
f3= 3.6477251117763347
Temps= 0.0101121s
