fonctionobjectif= 3
pourcentage= 10.0
decroissance= 0.02
nbiterstagnant= 100
f1= 80
f2= 25.185185185185187
f3= 6.478835438717001
f1= 120
f2= 32.96296296296296
f3= 9.060836905722272
f1= 140
f2= 42.96296296296296
f3= 11.2765461834358
