fonctionobjectif= 3
pourcentage= 10.0
decroissance= 0.02
nbiterstagnant= 100
f1= 120
f2= 38.94736842105263
f3= 9.761703679469163
f1= 60
f2= 11.578947368421053
f3= 3.646422752776584
f1= 150
f2= 45.26315789473684
f3= 11.164843913471804
