fonctionobjectif= 3
pourcentage= 10.0
decroissance= 0.02
nbiterstagnant= 100
nbiterameliore= 10
f1= 180
f2= 60.7
f3= 15.024563221604813
Temps= 0.0143819s
nbiterameliore= 15
f1= 180
f2= 60.7
f3= 15.07439882715062
Temps= 0.01343s
nbiterameliore= 1000
f1= 170
f2= 60.7
f3= 15.024563221604813
Temps= 0.0067856s
