fonctionobjectif= 3
pourcentage= 10.0
decroissance= 0.02
nbiterstagnant= 100
f1= 30
f2= 9.444444444444445
f3= 2.4602463436271154
f1= 40
f2= 9.135802469135804
f3= 2.4602463436271154
f1= 50
f2= 12.28395061728395
f3= 3.583704163030301
