fonctionobjectif= 3
pourcentage= 10.0
decroissance= 0.02
nbiterstagnant= 100
nbiterameliore= 10
f1= 40
f2= 7.5900277008310235
f3= 2.1531939881228563
Temps= 0.0064486s
nbiterameliore= 15
f1= 40
f2= 9.196675900277008
f3= 2.6176918902886315
Temps= 0.0067089s
nbiterameliore= 1000
f1= 30
f2= 8.14404432132964
f3= 2.153193988122856
Temps= 0.0088282s
