fonctionobjectif= 3
pourcentage= 10.0
decroissance= 0.02
nbiterstagnant= 100
nbiterameliore= 10
f1= 80
f2= 25.185185185185187
f3= 6.478835438717001
Temps= 0.0083688s
nbiterameliore= 15
f1= 120
f2= 32.96296296296296
f3= 9.060836905722272
Temps= 0.0084988s
nbiterameliore= 1000
f1= 130
f2= 42.222222222222214
f3= 10.858233492051147
Temps= 0.0045424s
