fonctionobjectif= 3
pourcentage= 10.0
decroissance= 0.02
nbiterstagnant= 100
nbiterameliore= 10
f1= 40
f2= 8.51851851851852
f3= 2.4845199749997664
Temps= 0.0055145s
nbiterameliore= 15
f1= 40
f2= 9.25925925925926
f3= 2.605786533235239
Temps= 0.0059292s
nbiterameliore= 1000
f1= 50
f2= 11.481481481481483
f3= 3.5136418446315325
Temps= 0.0096998s
