fonctionobjectif= 3
pourcentage= 10.0
decroissance= 0.02
nbiterstagnant= 100
f1= 40
f2= 9.7
f3= 2.5592967784139455
f1= 50
f2= 11.0
f3= 3.1701734968294715
f1= 50
f2= 12.3
f3= 3.1701734968294715
