fonctionobjectif= 3
pourcentage= 10.0
decroissance= 0.02
nbiterstagnant= 100
nbiterameliore= 10
f1= 30
f2= 7.654320987654324
f3= 2.111435972405811
Temps= 0.0113253s
nbiterameliore= 15
f1= 50
f2= 10.0
f3= 2.8568978926928725
Temps= 0.0199254s
nbiterameliore= 1000
f1= 80
f2= 20.0
f3= 5.62304683358851
Temps= 0.0078363s
