fonctionobjectif= 3
pourcentage= 10.0
decroissance= 0.02
nbiterstagnant= 100
nbiterameliore= 10
f1= 40
f2= 8.88888888888889
f3= 2.605786533235239
Temps= 0.0051609s
nbiterameliore= 15
f1= 40
f2= 8.88888888888889
f3= 2.605786533235239
Temps= 0.0056082s
nbiterameliore= 1000
f1= 60
f2= 11.11111111111111
f3= 3.424674446093876
Temps= 0.0033658s
