fonctionobjectif= 3
pourcentage= 10.0
decroissance= 0.02
nbiterstagnant= 100
nbiterameliore= 10
f1= 100
f2= 27.9
f3= 7.242237223399963
Temps= 0.0072881s
nbiterameliore= 15
f1= 30
f2= 8.3
f3= 2.224859546128699
Temps= 0.0184655s
nbiterameliore= 1000
f1= 150
f2= 38.9
f3= 10.022474744293447
Temps= 0.0062241s
