fonctionobjectif= 3
pourcentage= 10.0
decroissance= 0.02
nbiterstagnant= 100
nbiterameliore= 10
f1= 40
f2= 8.5
f3= 2.2666053913286275
Temps= 0.0074784s
nbiterameliore= 15
f1= 50
f2= 10.85
f3= 2.8526303651191824
Temps= 0.0092445s
nbiterameliore= 1000
f1= 80
f2= 10.2
f3= 3.337289319193048
Temps= 0.0057487s
