fonctionobjectif= 3
pourcentage= 10.0
decroissance= 0.02
nbiterstagnant= 100
f1= 30
f2= 7.9
f3= 2.1330729007701543
f1= 60
f2= 14.0
f3= 3.748332962798263
f1= 80
f2= 15.0
f3= 4.801041553663121
