fonctionobjectif= 3
pourcentage= 10.0
decroissance= 0.02
nbiterstagnant= 100
nbiterameliore= 10
f1= 170
f2= 49.1
f3= 12.882158204276177
Temps= 0.0077388s
nbiterameliore= 15
f1= 170
f2= 48.1
f3= 12.862736878285276
Temps= 0.0088193s
nbiterameliore= 1000
f1= 200
f2= 51.1
f3= 13.470337783441067
Temps= 0.0052614s
