fonctionobjectif= 3
pourcentage= 10.0
decroissance= 0.02
nbiterstagnant= 100
f1= 40
f2= 8.88888888888889
f3= 2.4286809349266667
f1= 50
f2= 9.629629629629632
f3= 2.8926850651506126
f1= 40
f2= 9.382716049382717
f3= 2.670778722565918
