fonctionobjectif= 3
pourcentage= 10.0
decroissance= 0.02
nbiterstagnant= 100
nbiterameliore= 10
f1= 120
f2= 23.6
f3= 7.056911505750941
Temps= 0.0085063s
nbiterameliore= 15
f1= 80
f2= 18.4
f3= 4.878524367060187
Temps= 0.0128651s
nbiterameliore= 1000
f1= 100
f2= 21.0
f3= 5.504543577809153
Temps= 0.0052895s
