fonctionobjectif= 3
pourcentage= 10.0
decroissance= 0.02
nbiterstagnant= 100
nbiterameliore= 10
f1= 40
f2= 7.645429362880887
f3= 2.219872078631487
Temps= 0.0064524s
nbiterameliore= 15
f1= 30
f2= 5.7617728531855965
f3= 1.807147526903057
Temps= 0.0052347s
nbiterameliore= 1000
f1= 60
f2= 6.9252077562326875
f3= 2.6728072372474116
Temps= 0.0046233s
