fonctionobjectif= 3
pourcentage= 10.0
decroissance= 0.02
nbiterstagnant= 100
f1= 60
f2= 9.204152249134944
f3= 3.3821648811868243
f1= 30
f2= 6.574394463667818
f3= 1.956165262989975
f1= 50
f2= 9.204152249134944
f3= 2.9446346451755416
