fonctionobjectif= 3
pourcentage= 10.0
decroissance= 0.02
nbiterstagnant= 100
nbiterameliore= 10
f1= 60
f2= 8.6
f3= 2.8809720581775866
Temps= 0.0089077s
nbiterameliore= 15
f1= 40
f2= 9.2
f3= 2.4083189157584592
Temps= 0.0074069s
nbiterameliore= 1000
f1= 70
f2= 10.4
f3= 3.1304951684997055
Temps= 0.0066811s
