fonctionobjectif= 3
pourcentage= 10.0
decroissance= 0.02
nbiterstagnant= 100
nbiterameliore= 10
f1= 40
f2= 8.8
f3= 2.3874672772626644
Temps= 0.0087385s
nbiterameliore= 15
f1= 40
f2= 8.6
f3= 2.2803508501982757
Temps= 0.012071s
nbiterameliore= 1000
f1= 50
f2= 13.6
f3= 3.4928498393145957
Temps= 0.0112711s
