fonctionobjectif= 3
pourcentage= 10.0
decroissance= 0.02
nbiterstagnant= 100
nbiterameliore= 10
f1= 40
f2= 9.7
f3= 2.5592967784139455
Temps= 0.011542s
nbiterameliore= 15
f1= 50
f2= 11.0
f3= 3.1701734968294715
Temps= 0.0068144s
nbiterameliore= 1000
f1= 50
f2= 10.3
f3= 2.8372521918222215
Temps= 0.0061002s
