fonctionobjectif= 3
pourcentage= 10.0
decroissance= 0.02
nbiterstagnant= 100
nbiterameliore= 10
f1= 40
f2= 9.6
f3= 2.497498748748435
Temps= 0.0073532s
nbiterameliore= 15
f1= 50
f2= 11.5
f3= 3.0393255830858266
Temps= 0.009664s
nbiterameliore= 1000
f1= 60
f2= 9.6
f3= 2.9559262507714905
Temps= 0.0103025s
