fonctionobjectif= 3
pourcentage= 10.0
decroissance= 0.02
nbiterstagnant= 100
f1= 40
f2= 8.8
f3= 2.3874672772626644
f1= 40
f2= 8.6
f3= 2.2803508501982757
f1= 40
f2= 9.8
f3= 2.588435821108957
