fonctionobjectif= 3
pourcentage= 10.0
decroissance= 0.02
nbiterstagnant= 100
nbiterameliore= 10
f1= 40
f2= 8.5
f3= 2.331844763272204
Temps= 0.0186432s
nbiterameliore= 15
f1= 50
f2= 7.75
f3= 2.537222891273055
Temps= 0.0119021s
nbiterameliore= 1000
f1= 60
f2= 11.75
f3= 3.2307119958300214
Temps= 0.0094738s
