fonctionobjectif= 3
pourcentage= 10.0
decroissance= 0.02
nbiterstagnant= 100
nbiterameliore= 10
f1= 50
f2= 10.3125
f3= 3.125
Temps= 0.0059723s
nbiterameliore= 15
f1= 30
f2= 8.75
f3= 2.4206145913796355
Temps= 0.0114942s
nbiterameliore= 1000
f1= 70
f2= 12.8125
f3= 4.09839907768875
Temps= 0.0057921s
