fonctionobjectif= 3
pourcentage= 10.0
decroissance= 0.02
nbiterstagnant= 100
nbiterameliore= 10
f1= 50
f2= 12.8
f3= 3.507135583350036
Temps= 0.0074101s
nbiterameliore= 15
f1= 90
f2= 17.6
f3= 4.929503017546495
Temps= 0.0088306s
nbiterameliore= 1000
f1= 50
f2= 12.6
f3= 3.361547262794322
Temps= 0.0126145s
