fonctionobjectif= 3
pourcentage= 10.0
decroissance= 0.02
nbiterstagnant= 100
f1= 50
f2= 10.05
f3= 2.781636209140225
f1= 50
f2= 10.05
f3= 2.690260210462921
f1= 50
f2= 12.4
f3= 3.1996093511552313
