fonctionobjectif= 3
pourcentage= 10.0
decroissance= 0.02
nbiterstagnant= 100
f1= 50
f2= 9.55
f3= 2.781636209140225
f1= 50
f2= 10.7
f3= 3.1996093511552313
f1= 40
f2= 6.8
f3= 2.2885584982691616
