fonctionobjectif= 3
pourcentage= 10.0
decroissance= 0.02
nbiterstagnant= 100
f1= 30
f2= 7.654320987654324
f3= 2.111435972405811
f1= 50
f2= 10.0
f3= 2.8568978926928725
f1= 40
f2= 11.234567901234565
f3= 3.0653602513420086
