fonctionobjectif= 3
pourcentage= 10.0
decroissance= 0.02
nbiterstagnant= 100
f1= 50
f2= 10.3125
f3= 3.125
f1= 30
f2= 8.75
f3= 2.4206145913796355
f1= 50
f2= 11.875
f3= 3.590351654086268
