fonctionobjectif= 3
pourcentage= 10.0
decroissance= 0.02
nbiterstagnant= 100
nbiterameliore= 10
f1= 40
f2= 7.25
f3= 2.2666053913286275
Temps= 0.0109829s
nbiterameliore= 15
f1= 50
f2= 7.95
f3= 2.3743420141167535
Temps= 0.0093719s
nbiterameliore= 1000
f1= 50
f2= 10.8
f3= 3.183944094986594
Temps= 0.0075977s
