fonctionobjectif= 3
pourcentage= 10.0
decroissance= 0.02
nbiterstagnant= 100
nbiterameliore= 10
f1= 60
f2= 9.204152249134944
f3= 3.3821648811868243
Temps= 0.0090618s
nbiterameliore= 15
f1= 30
f2= 6.574394463667818
f3= 1.956165262989975
Temps= 0.0086168s
nbiterameliore= 1000
f1= 50
f2= 9.204152249134944
f3= 2.9446346451755416
Temps= 0.005863s
