fonctionobjectif= 3
pourcentage= 10.0
decroissance= 0.02
nbiterstagnant= 100
nbiterameliore= 10
f1= 50
f2= 10.05
f3= 2.781636209140225
Temps= 0.010099s
nbiterameliore= 15
f1= 50
f2= 10.05
f3= 2.690260210462921
Temps= 0.0127151s
nbiterameliore= 1000
f1= 50
f2= 12.05
f3= 3.1996093511552313
Temps= 0.0109866s
