fonctionobjectif= 3
pourcentage= 10.0
decroissance= 0.02
nbiterstagnant= 100
nbiterameliore= 10
f1= 30
f2= 7.6
f3= 2.0124611797498106
Temps= 0.0135064s
nbiterameliore= 15
f1= 50
f2= 9.6
f3= 2.6551836094703507
Temps= 0.0077307s
nbiterameliore= 1000
f1= 40
f2= 8.6
f3= 2.3558437978779496
Temps= 0.0058683s
