fonctionobjectif= 3
pourcentage= 10.0
decroissance= 0.02
nbiterstagnant= 100
nbiterameliore= 10
f1= 30
f2= 9.444444444444445
f3= 2.4602463436271154
Temps= 0.0080712s
nbiterameliore= 15
f1= 40
f2= 9.135802469135804
f3= 2.4602463436271154
Temps= 0.0072165s
nbiterameliore= 1000
f1= 40
f2= 10.555555555555555
f3= 2.919237550080453
Temps= 0.010134s
