fonctionobjectif= 3
pourcentage= 10.0
decroissance= 0.02
nbiterstagnant= 100
f1= 40
f2= 8.88888888888889
f3= 2.605786533235239
f1= 40
f2= 8.88888888888889
f3= 2.605786533235239
f1= 50
f2= 10.0
f3= 3.042903097250923
