fonctionobjectif= 3
pourcentage= 10.0
decroissance= 0.02
nbiterstagnant= 100
nbiterameliore= 10
f1= 110
f2= 30.0
f3= 7.681145747868608
Temps= 0.016259s
nbiterameliore= 15
f1= 130
f2= 35.0
f3= 9.327379053088816
Temps= 0.0193777s
nbiterameliore= 1000
f1= 150
f2= 37.0
f3= 10.04987562112089
Temps= 0.0086205s
