fonctionobjectif= 3
pourcentage= 10.0
decroissance= 0.02
nbiterstagnant= 100
f1= 40
f2= 7.65
f3= 2.2885584982691616
f1= 40
f2= 7.7
f3= 2.395307913400697
f1= 30
f2= 7.6
f3= 2.1765798859678918
