fonctionobjectif= 3
pourcentage= 10.0
decroissance= 0.02
nbiterstagnant= 100
nbiterameliore= 10
f1= 30
f2= 7.257617728531852
f3= 2.0059686415769167
Temps= 0.0233545s
nbiterameliore= 15
f1= 30
f2= 4.5983379501384976
f3= 1.5368345159756451
Temps= 0.012663s
nbiterameliore= 1000
f1= 90
f2= 18.337950138504155
f3= 5.432188760888766
Temps= 0.0138449s
