fonctionobjectif= 3
pourcentage= 10.0
decroissance= 0.02
nbiterstagnant= 100
f1= 70
f2= 6.7
f3= 2.9559262507714905
f1= 40
f2= 8.6
f3= 2.2885584982691616
f1= 40
f2= 9.65
f3= 2.690260210462921
