fonctionobjectif= 3
pourcentage= 10.0
decroissance= 0.02
nbiterstagnant= 100
nbiterameliore= 10
f1= 20
f2= 5.6
f3= 1.4317821063276353
Temps= 0.0174217s
nbiterameliore= 15
f1= 30
f2= 8.6
f3= 2.247220505424423
Temps= 0.0104413s
nbiterameliore= 1000
f1= 50
f2= 10.6
f3= 2.924038303442689
Temps= 0.0141793s
