fonctionobjectif= 3
pourcentage= 10.0
decroissance= 0.02
nbiterstagnant= 100
nbiterameliore= 10
f1= 60
f2= 11.745152354570642
f3= 3.4786332578283887
Temps= 0.0416023s
nbiterameliore= 15
f1= 60
f2= 11.745152354570642
f3= 3.398068969572444
Temps= 0.0281896s
nbiterameliore= 1000
f1= 80
f2= 20.66481994459834
f3= 5.359233896503137
Temps= 0.014213s
