fonctionobjectif= 3
pourcentage= 10.0
decroissance= 0.02
nbiterstagnant= 100
nbiterameliore= 10
f1= 70
f2= 6.7
f3= 2.9559262507714905
Temps= 0.018162s
nbiterameliore= 15
f1= 40
f2= 8.6
f3= 2.2885584982691616
Temps= 0.0172406s
nbiterameliore= 1000
f1= 60
f2= 9.7
f3= 3.120496755325985
Temps= 0.0092819s
