fonctionobjectif= 3
pourcentage= 10.0
decroissance= 0.02
nbiterstagnant= 100
f1= 60
f2= 11.745152354570642
f3= 3.4786332578283887
f1= 60
f2= 11.745152354570642
f3= 3.398068969572444
f1= 80
f2= 21.71745152354571
f3= 5.5121173625861815
