fonctionobjectif= 3
pourcentage= 10.0
decroissance= 0.02
nbiterstagnant= 100
nbiterameliore= 10
f1= 30
f2= 6.592797783933517
f3= 1.7245853092823686
Temps= 0.0175814s
nbiterameliore= 15
f1= 40
f2= 8.144044321329641
f3= 2.2782144260334727
Temps= 0.0179784s
nbiterameliore= 1000
f1= 80
f2= 13.407202216066484
f3= 3.9644137978345184
Temps= 0.0133371s
