fonctionobjectif= 3
pourcentage= 10.0
decroissance= 0.02
nbiterstagnant= 100
nbiterameliore= 10
f1= 50
f2= 9.3
f3= 2.6551836094703507
Temps= 0.0150155s
nbiterameliore= 15
f1= 40
f2= 7.2
f3= 2.1330729007701543
Temps= 0.0135308s
nbiterameliore= 1000
f1= 60
f2= 10.2
f3= 3.0083217912982647
Temps= 0.0102631s
