fonctionobjectif= 3
pourcentage= 10.0
decroissance= 0.02
nbiterstagnant= 100
f1= 50
f2= 9.3
f3= 2.6551836094703507
f1= 40
f2= 7.2
f3= 2.1330729007701543
f1= 60
f2= 10.2
f3= 3.0083217912982647
