fonctionobjectif= 3
pourcentage= 10.0
decroissance= 0.02
nbiterstagnant= 100
f1= 30
f2= 7.257617728531852
f3= 2.0059686415769167
f1= 30
f2= 4.5983379501384976
f3= 1.5368345159756451
f1= 70
f2= 19.22437673130194
f3= 5.276990133819693
