fonctionobjectif= 3
pourcentage= 10.0
decroissance= 0.02
nbiterstagnant= 100
nbiterameliore= 10
f1= 50
f2= 8.6
f3= 2.6076809620810595
Temps= 0.0207728s
nbiterameliore= 15
f1= 100
f2= 14.6
f3= 4.774934554525329
Temps= 0.010149s
nbiterameliore= 1000
f1= 100
f2= 14.8
f3= 4.722287581247038
Temps= 0.0091938s
