fonctionobjectif= 3
pourcentage= 10.0
decroissance= 0.02
nbiterstagnant= 100
f1= 60
f2= 10.15
f3= 2.938962401937119
f1= 60
f2= 9.55
f3= 2.8526303651191824
f1= 30
f2= 8.2
f3= 2.1534855467358027
