fonctionobjectif= 3
pourcentage= 10.0
decroissance= 0.02
nbiterstagnant= 100
nbiterameliore= 10
f1= 60
f2= 10.15
f3= 2.938962401937119
Temps= 0.0110199s
nbiterameliore= 15
f1= 60
f2= 9.55
f3= 2.8526303651191824
Temps= 0.0141806s
nbiterameliore= 1000
f1= 30
f2= 7.55
f3= 2.034084560680799
Temps= 0.0097251s
