fonctionobjectif= 3
pourcentage= 10.0
decroissance= 0.02
nbiterstagnant= 100
nbiterameliore= 10
f1= 40
f2= 8.5
f3= 2.2885584982691616
Temps= 0.0144368s
nbiterameliore= 15
f1= 50
f2= 11.4
f3= 3.0393255830858266
Temps= 0.0115548s
nbiterameliore= 1000
f1= 40
f2= 9.5
f3= 2.497498748748435
Temps= 0.0122848s
