fonctionobjectif= 3
pourcentage= 10.0
decroissance= 0.02
nbiterstagnant= 100
nbiterameliore= 10
f1= 30
f2= 6.9
f3= 1.8841443681416774
Temps= 0.0157039s
nbiterameliore= 15
f1= 50
f2= 7.2
f3= 2.247220505424423
Temps= 0.0135978s
nbiterameliore= 1000
f1= 50
f2= 11.3
f3= 3.0083217912982647
Temps= 0.0128877s
