fonctionobjectif= 3
pourcentage= 10.0
decroissance= 0.02
nbiterstagnant= 100
nbiterameliore= 10
f1= 30
f2= 7.4
f3= 1.9235384061671343
Temps= 0.0102221s
nbiterameliore= 15
f1= 40
f2= 7.6
f3= 2.0493901531919194
Temps= 0.0135804s
nbiterameliore= 1000
f1= 40
f2= 7.8
f3= 2.16794833886788
Temps= 0.0090021s
