fonctionobjectif= 3
pourcentage= 10.0
decroissance= 0.02
nbiterstagnant= 100
f1= 40
f2= 8.2
f3= 2.2803508501982757
f1= 40
f2= 9.2
f3= 2.4899799195977463
f1= 50
f2= 11.0
f3= 2.949576240750525
