fonctionobjectif= 3
pourcentage= 10.0
decroissance= 0.02
nbiterstagnant= 100
nbiterameliore= 10
f1= 40
f2= 8.2
f3= 2.2803508501982757
Temps= 0.010896s
nbiterameliore= 15
f1= 40
f2= 9.2
f3= 2.4899799195977463
Temps= 0.015532s
nbiterameliore= 1000
f1= 50
f2= 11.0
f3= 2.949576240750525
Temps= 0.0114447s
