fonctionobjectif= 3
pourcentage= 10.0
decroissance= 0.02
nbiterstagnant= 100
f1= 40
f2= 9.307479224376733
f3= 2.5840584775665016
f1= 60
f2= 11.745152354570635
f3= 3.3330903347302527
f1= 60
f2= 12.409972299168968
f3= 3.7255300672475187
