fonctionobjectif= 3
pourcentage= 10.0
decroissance= 0.02
nbiterstagnant= 100
nbiterameliore= 10
f1= 50
f2= 10.4
f3= 2.792848008753788
Temps= 0.0128011s
nbiterameliore= 15
f1= 30
f2= 7.4
f3= 1.9493588689617927
Temps= 0.0157152s
nbiterameliore= 1000
f1= 50
f2= 10.2
f3= 2.8809720581775866
Temps= 0.013387s
