fonctionobjectif= 3
pourcentage= 10.0
decroissance= 0.02
nbiterstagnant= 100
nbiterameliore= 10
f1= 40
f2= 7.85
f3= 2.1534855467358027
Temps= 0.0188347s
nbiterameliore= 15
f1= 40
f2= 9.45
f3= 2.477397828367499
Temps= 0.027073s
nbiterameliore= 1000
f1= 40
f2= 11.85
f3= 2.938962401937119
Temps= 0.0180451s
