fonctionobjectif= 3
pourcentage= 10.0
decroissance= 0.02
nbiterstagnant= 100
f1= 50
f2= 9.25207756232687
f3= 2.8162360170944782
f1= 40
f2= 8.642659279778394
f3= 2.3906314692954482
f1= 50
f2= 11.800554016620499
f3= 3.097294814104078
