fonctionobjectif= 3
pourcentage= 10.0
decroissance= 0.02
nbiterstagnant= 100
f1= 40
f2= 7.85
f3= 2.1534855467358027
f1= 40
f2= 9.45
f3= 2.477397828367499
f1= 80
f2= 14.15
f3= 4.139746369042432
