fonctionobjectif= 3
pourcentage= 10.0
decroissance= 0.02
nbiterstagnant= 100
nbiterameliore= 10
f1= 40
f2= 8.5
f3= 2.2666053913286275
Temps= 0.0217523s
nbiterameliore= 15
f1= 40
f2= 8.15
f3= 2.2666053913286275
Temps= 0.0166185s
nbiterameliore= 1000
f1= 40
f2= 8.2
f3= 2.2666053913286275
Temps= 0.0225784s
