fonctionobjectif= 3
pourcentage= 10.0
decroissance= 0.02
nbiterstagnant= 100
f1= 30
f2= 7.681660899653974
f3= 2.1917076293582163
f1= 40
f2= 7.266435986159168
f3= 2.1917076293582163
f1= 30
f2= 9.619377162629757
f3= 2.6229195374736642
