fonctionobjectif= 3
pourcentage= 10.0
decroissance= 0.02
nbiterstagnant= 100
f1= 40
f2= 8.144044321329641
f3= 2.2782144260334722
f1= 60
f2= 11.41274238227146
f3= 3.190048676035298
f1= 80
f2= 10.193905817174521
f3= 3.440706383429194
