fonctionobjectif= 3
pourcentage= 10.0
decroissance= 0.02
nbiterstagnant= 100
nbiterameliore= 10
f1= 40
f2= 7.65
f3= 2.2885584982691616
Temps= 0.0144655s
nbiterameliore= 15
f1= 40
f2= 7.7
f3= 2.395307913400697
Temps= 0.0155497s
nbiterameliore= 1000
f1= 50
f2= 9.65
f3= 2.9559262507714905
Temps= 0.0111226s
