fonctionobjectif= 3
pourcentage= 10.0
decroissance= 0.02
nbiterstagnant= 100
nbiterameliore= 10
f1= 30
f2= 7.681660899653974
f3= 2.1917076293582163
Temps= 0.0115251s
nbiterameliore= 15
f1= 40
f2= 7.266435986159168
f3= 2.1917076293582163
Temps= 0.010594s
nbiterameliore= 1000
f1= 40
f2= 9.619377162629757
f3= 2.874680842292542
Temps= 0.0092289s
