fonctionobjectif= 3
pourcentage= 10.0
decroissance= 0.02
nbiterstagnant= 100
f1= 50
f2= 8.6
f3= 2.6076809620810595
f1= 100
f2= 14.6
f3= 4.774934554525329
f1= 80
f2= 13.0
f3= 4.219004621945798
