fonctionobjectif= 3
pourcentage= 10.0
decroissance= 0.02
nbiterstagnant= 100
nbiterameliore= 10
f1= 30
f2= 7.4
f3= 1.9235384061671343
Temps= 0.0122329s
nbiterameliore= 15
f1= 30
f2= 7.4
f3= 1.9235384061671343
Temps= 0.0123198s
nbiterameliore= 1000
f1= 50
f2= 11.4
f3= 3.0331501776206204
Temps= 0.0171594s
