fonctionobjectif= 3
pourcentage= 10.0
decroissance= 0.02
nbiterstagnant= 100
f1= 30
f2= 7.4
f3= 1.9235384061671343
f1= 30
f2= 7.4
f3= 1.9235384061671343
f1= 50
f2= 11.4
f3= 2.949576240750525
