fonctionobjectif= 3
pourcentage= 10.0
decroissance= 0.02
nbiterstagnant= 100
nbiterameliore= 10
f1= 30
f2= 6.703601108033231
f3= 1.9544305576025083
Temps= 0.0157629s
nbiterameliore= 15
f1= 40
f2= 9.529085872576175
f3= 2.4567998059436813
Temps= 0.0172156s
nbiterameliore= 1000
f1= 140
f2= 15.734072022160666
f3= 6.526941262137534
Temps= 0.0066764s
