fonctionobjectif= 3
pourcentage= 10.0
decroissance= 0.02
nbiterstagnant= 100
nbiterameliore= 10
f1= 50
f2= 9.25207756232687
f3= 2.8162360170944782
Temps= 0.010426s
nbiterameliore= 15
f1= 40
f2= 8.642659279778394
f3= 2.3906314692954482
Temps= 0.0185829s
nbiterameliore= 1000
f1= 40
f2= 9.418282548476453
f3= 2.6121163953742452
Temps= 0.0096244s
