fonctionobjectif= 3
pourcentage= 10.0
decroissance= 0.02
nbiterstagnant= 100
nbiterameliore= 10
f1= 30
f2= 8.5
f3= 2.1534855467358027
Temps= 0.0129223s
nbiterameliore= 15
f1= 40
f2= 10.85
f3= 2.7636027210870955
Temps= 0.0163991s
nbiterameliore= 1000
f1= 40
f2= 10.2
f3= 2.671610001478509
Temps= 0.0104722s
