fonctionobjectif= 3
pourcentage= 10.0
decroissance= 0.02
nbiterstagnant= 100
f1= 40
f2= 8.5
f3= 2.2885584982691616
f1= 40
f2= 7.95
f3= 2.1765798859678918
f1= 40
f2= 9.95
f3= 2.595669470483482
