fonctionobjectif= 3
pourcentage= 10.0
decroissance= 0.02
nbiterstagnant= 100
nbiterameliore= 10
f1= 20
f2= 7.6
f3= 1.9332614929181204
Temps= 0.0120472s
nbiterameliore= 15
f1= 40
f2= 6.7
f3= 2.05851888502389
Temps= 0.0222458s
nbiterameliore= 1000
f1= 190
f2= 25.8
f3= 9.681812846776165
Temps= 0.0082842s
