fonctionobjectif= 3
pourcentage= 10.0
decroissance= 0.02
nbiterstagnant= 100
f1= 30
f2= 8.5
f3= 2.1534855467358027
f1= 40
f2= 10.85
f3= 2.7636027210870955
f1= 50
f2= 9.2
f3= 2.5763346055976504
