fonctionobjectif= 3
pourcentage= 10.0
decroissance= 0.02
nbiterstagnant= 100
nbiterameliore= 10
f1= 40
f2= 9.307479224376733
f3= 2.5840584775665016
Temps= 0.0095932s
nbiterameliore= 15
f1= 60
f2= 11.745152354570635
f3= 3.3330903347302527
Temps= 0.0083029s
nbiterameliore= 1000
f1= 60
f2= 12.409972299168968
f3= 3.7255300672475187
Temps= 0.0091164s
