fonctionobjectif= 3
pourcentage= 10.0
decroissance= 0.02
nbiterstagnant= 100
f1= 20
f2= 5.6
f3= 1.4317821063276353
f1= 30
f2= 8.6
f3= 2.247220505424423
f1= 50
f2= 10.6
f3= 2.924038303442689
