fonctionobjectif= 3
pourcentage= 10.0
decroissance= 0.02
nbiterstagnant= 100
nbiterameliore= 10
f1= 30
f2= 5.7
f3= 1.799305421544658
Temps= 0.0155619s
nbiterameliore= 15
f1= 40
f2= 6.7
f3= 2.05851888502389
Temps= 0.0126212s
nbiterameliore= 1000
f1= 50
f2= 9.6
f3= 2.781636209140225
Temps= 0.0108577s
