fonctionobjectif= 3
pourcentage= 10.0
decroissance= 0.02
nbiterstagnant= 100
f1= 30
f2= 6.592797783933517
f3= 1.7245853092823686
f1= 40
f2= 8.144044321329641
f3= 2.2782144260334727
f1= 30
f2= 7.590027700831028
f3= 2.020452357762933
