fonctionobjectif= 3
pourcentage= 10.0
decroissance= 0.02
nbiterstagnant= 100
f1= 40
f2= 8.5
f3= 2.2666053913286275
f1= 40
f2= 8.15
f3= 2.2666053913286275
f1= 60
f2= 10.85
f3= 3.1044323152550772
