fonctionobjectif= 3
pourcentage= 10.0
decroissance= 0.02
nbiterstagnant= 100
nbiterameliore= 10
f1= 50
f2= 9.65
f3= 2.781636209140225
Temps= 0.0234798s
nbiterameliore= 15
f1= 50
f2= 8.75
f3= 2.781636209140225
Temps= 0.036023s
nbiterameliore= 1000
f1= 140
f2= 20.7
f3= 7.158037440527956
Temps= 0.0128088s
