fonctionobjectif= 3
pourcentage= 10.0
decroissance= 0.02
nbiterstagnant= 100
f1= 50
f2= 9.65
f3= 2.781636209140225
f1= 50
f2= 8.75
f3= 2.781636209140225
f1= 150
f2= 19.75
f3= 7.1928784224397955
