fonctionobjectif= 3
pourcentage= 10.0
decroissance= 0.02
nbiterstagnant= 100
f1= 30
f2= 9.6
f3= 2.395307913400697
f1= 30
f2= 9.6
f3= 2.395307913400697
f1= 50
f2= 10.65
f3= 3.0393255830858266
