fonctionobjectif= 3
pourcentage= 10.0
decroissance= 0.02
nbiterstagnant= 100
f1= 50
f2= 10.4
f3= 2.792848008753788
f1= 30
f2= 7.4
f3= 1.9493588689617927
f1= 60
f2= 12.6
f3= 3.4351128074635335
