fonctionobjectif= 3
pourcentage= 10.0
decroissance= 0.02
nbiterstagnant= 100
nbiterameliore= 10
f1= 40
f2= 8.5
f3= 2.2885584982691616
Temps= 0.0151834s
nbiterameliore= 15
f1= 40
f2= 7.95
f3= 2.1765798859678918
Temps= 0.0211615s
nbiterameliore= 1000
f1= 40
f2= 9.95
f3= 2.595669470483482
Temps= 0.0128748s
