fonctionobjectif= 3
pourcentage= 10.0
decroissance= 0.02
nbiterstagnant= 100
nbiterameliore= 10
f1= 40
f2= 8.266666666666675
f3= 2.807397635085112
Temps= 0.0170145s
nbiterameliore= 15
f1= 50
f2= 9.422222222222224
f3= 3.1079348865861487
Temps= 0.0157573s
nbiterameliore= 1000
f1= 80
f2= 12.266666666666675
f3= 4.976984063704682
Temps= 0.0093418s
