fonctionobjectif= 3
pourcentage= 10.0
decroissance= 0.02
nbiterstagnant= 100
f1= 30
f2= 5.798816568047309
f3= 2.2978092117097755
f1= 20
f2= 5.680473372781045
f3= 2.023980044554683
f1= 40
f2= 11.59763313609467
f3= 3.682926939549215
