fonctionobjectif= 3
pourcentage= 10.0
decroissance= 0.02
nbiterstagnant= 100
nbiterameliore= 10
f1= 20
f2= 5.6
f3= 1.577621275493231
Temps= 0.0175544s
nbiterameliore= 15
f1= 30
f2= 7.733333333333333
f3= 2.270584848790187
Temps= 0.0150543s
nbiterameliore= 1000
f1= 40
f2= 9.333333333333334
f3= 2.9514591494904874
Temps= 0.0188093s
