fonctionobjectif= 3
pourcentage= 10.0
decroissance= 0.02
nbiterstagnant= 100
f1= 20
f2= 5.6
f3= 1.577621275493231
f1= 30
f2= 7.733333333333333
f3= 2.270584848790187
f1= 30
f2= 9.866666666666667
f3= 2.796823595120404
