fonctionobjectif= 3
pourcentage= 10.0
decroissance= 0.02
nbiterstagnant= 100
nbiterameliore= 10
f1= 30
f2= 6.666666666666667
f3= 2.1499353995462798
Temps= 0.0184193s
nbiterameliore= 15
f1= 50
f2= 7.733333333333333
f3= 2.859681411936962
Temps= 0.0273084s
nbiterameliore= 1000
f1= 50
f2= 10.933333333333334
f3= 3.5527766918597945
Temps= 0.0145959s
