fonctionobjectif= 3
pourcentage= 10.0
decroissance= 0.02
nbiterstagnant= 100
f1= 30
f2= 8.0
f3= 2.4585451886114367
f1= 40
f2= 7.466666666666667
f3= 2.4585451886114367
f1= 50
f2= 14.4
f3= 4.087922591134904
