fonctionobjectif= 3
pourcentage= 10.0
decroissance= 0.02
nbiterstagnant= 100
nbiterameliore= 10
f1= 30
f2= 7.7333333333333405
f3= 2.2835969028738003
Temps= 0.0202016s
nbiterameliore= 15
f1= 30
f2= 8.355555555555558
f3= 2.47056748616663
Temps= 0.0250455s
nbiterameliore= 1000
f1= 60
f2= 12.266666666666659
f3= 3.9851576482595368
Temps= 0.0191884s
