fonctionobjectif= 3
pourcentage= 10.0
decroissance= 0.02
nbiterstagnant= 100
nbiterameliore= 10
f1= 60
f2= 12.444444444444457
f3= 4.0951642665918015
Temps= 0.0161389s
nbiterameliore= 15
f1= 50
f2= 9.422222222222224
f3= 3.1079348865861487
Temps= 0.0133722s
nbiterameliore= 1000
f1= 40
f2= 7.2888888888889065
f3= 2.644351072114403
Temps= 0.0308102s
