fonctionobjectif= 3
pourcentage= 10.0
decroissance= 0.02
nbiterstagnant= 100
f1= 10
f2= 4.444444444444457
f3= 1.2171612389003692
f1= 20
f2= 6.222222222222225
f3= 1.8053418676968798
f1= 50
f2= 8.888888888888891
f3= 3.0792014356780033
