fonctionobjectif= 3
pourcentage= 10.0
decroissance= 0.02
nbiterstagnant= 100
f1= 30
f2= 6.844444444444442
f3= 2.2043727586910653
f1= 40
f2= 10.48888888888889
f3= 3.192583999300972
f1= 20
f2= 5.866666666666659
f3= 1.7554149029450221
