fonctionobjectif= 3
pourcentage= 10.0
decroissance= 0.02
nbiterstagnant= 100
f1= 30
f2= 4.533333333333333
f3= 1.6865480854231358
f1= 30
f2= 6.666666666666667
f3= 2.1499353995462798
f1= 70
f2= 11.466666666666667
f3= 4.442221666388716
