fonctionobjectif= 3
pourcentage= 10.0
decroissance= 0.02
nbiterstagnant= 100
nbiterameliore= 10
f1= 30
f2= 6.133333333333334
f3= 1.837873166945363
Temps= 0.0274788s
nbiterameliore= 15
f1= 20
f2= 6.4
f3= 1.837873166945363
Temps= 0.0292469s
nbiterameliore= 1000
f1= 40
f2= 8.0
f3= 2.633122354417533
Temps= 0.0094324s
