fonctionobjectif= 3
pourcentage= 10.0
decroissance= 0.02
nbiterstagnant= 100
nbiterameliore= 10
f1= 20
f2= 3.7333333333333107
f3= 1.4807405554629052
Temps= 0.0150428s
nbiterameliore= 15
f1= 20
f2= 4.97777777777776
f3= 1.7554149029450217
Temps= 0.0143063s
nbiterameliore= 1000
f1= 50
f2= 14.044444444444443
f3= 4.46882203386646
Temps= 0.0094587s
