fonctionobjectif= 3
pourcentage= 10.0
decroissance= 0.02
nbiterstagnant= 100
nbiterameliore= 10
f1= 30
f2= 5.798816568047309
f3= 2.2978092117097755
Temps= 0.0141316s
nbiterameliore= 15
f1= 20
f2= 5.680473372781045
f3= 2.023980044554683
Temps= 0.0186574s
nbiterameliore= 1000
f1= 40
f2= 8.757396449704121
f3= 3.1644359661824697
Temps= 0.0150662s
