fonctionobjectif= 3
pourcentage= 10.0
decroissance= 0.02
nbiterstagnant= 100
f1= 30
f2= 7.555555555555543
f3= 2.397529592757542
f1= 40
f2= 6.311111111111093
f3= 2.397529592757542
f1= 40
f2= 8.799999999999992
f3= 2.7433421088019485
