fonctionobjectif= 3
pourcentage= 10.0
decroissance= 0.02
nbiterstagnant= 100
f1= 60
f2= 12.444444444444457
f3= 4.0951642665918015
f1= 50
f2= 9.422222222222224
f3= 3.1079348865861487
f1= 50
f2= 9.777777777777791
f3= 3.2477912722569076
