fonctionobjectif= 3
pourcentage= 10.0
decroissance= 0.02
nbiterstagnant= 100
f1= 30
f2= 7.7333333333333405
f3= 2.2835969028738003
f1= 30
f2= 8.355555555555558
f3= 2.47056748616663
f1= 40
f2= 7.644444444444442
f3= 2.4705674861666296
