fonctionobjectif= 3
pourcentage= 10.0
decroissance= 0.02
nbiterstagnant= 100
f1= 30
f2= 7.022222222222225
f3= 2.0798860367640155
f1= 30
f2= 8.355555555555558
f3= 2.47056748616663
f1= 50
f2= 16.977777777777774
f3= 4.795059185515084
