fonctionobjectif= 3
pourcentage= 10.0
decroissance= 0.02
nbiterstagnant= 100
f1= 20
f2= 3.7333333333333107
f3= 1.4807405554629052
f1= 20
f2= 4.97777777777776
f3= 1.7554149029450217
f1= 20
f2= 6.22222222222221
f3= 1.9925788241297682
