fonctionobjectif= 3
pourcentage= 10.0
decroissance= 0.02
nbiterstagnant= 100
f1= 40
f2= 8.266666666666675
f3= 2.807397635085112
f1= 50
f2= 9.422222222222224
f3= 3.1079348865861487
f1= 70
f2= 16.266666666666673
f3= 5.065496940997917
