fonctionobjectif= 3
pourcentage= 10.0
decroissance= 0.02
nbiterstagnant= 100
nbiterameliore= 10
f1= 50
f2= 8.888888888888877
f3= 3.3288859219687117
Temps= 0.0130562s
nbiterameliore= 15
f1= 50
f2= 10.133333333333326
f3= 3.459822303293967
Temps= 0.0158672s
nbiterameliore= 1000
f1= 60
f2= 12.888888888888877
f3= 4.46882203386646
Temps= 0.011704s
