fonctionobjectif= 3
pourcentage= 10.0
decroissance= 0.02
nbiterstagnant= 100
f1= 40
f2= 7.644444444444442
f3= 2.47056748616663
f1= 40
f2= 7.7333333333333405
f3= 2.47056748616663
f1= 40
f2= 7.7333333333333405
f3= 2.4705674861666296
