fonctionobjectif= 3
pourcentage= 10.0
decroissance= 0.02
nbiterstagnant= 100
nbiterameliore= 10
f1= 30
f2= 7.555555555555543
f3= 2.397529592757542
Temps= 0.0136951s
nbiterameliore= 15
f1= 40
f2= 6.311111111111093
f3= 2.397529592757542
Temps= 0.0200928s
nbiterameliore= 1000
f1= 70
f2= 16.888888888888875
f3= 5.372081464317091
Temps= 0.0150582s
