fonctionobjectif= 3
pourcentage= 10.0
decroissance= 0.02
nbiterstagnant= 100
nbiterameliore= 10
f1= 40
f2= 7.644444444444442
f3= 2.47056748616663
Temps= 0.0162568s
nbiterameliore= 15
f1= 40
f2= 7.7333333333333405
f3= 2.47056748616663
Temps= 0.0149799s
nbiterameliore= 1000
f1= 60
f2= 13.066666666666674
f3= 4.0951642665918015
Temps= 0.0118928s
