fonctionobjectif= 3
pourcentage= 10.0
decroissance= 0.02
nbiterstagnant= 100
nbiterameliore= 10
f1= 30
f2= 4.97777777777776
f3= 1.992578824129768
Temps= 0.0233023s
nbiterameliore= 15
f1= 20
f2= 3.7333333333333107
f3= 1.4807405554629052
Temps= 0.0210198s
nbiterameliore= 1000
f1= 40
f2= 10.222222222222209
f3= 3.192583999300972
Temps= 0.0132647s
