fonctionobjectif= 3
pourcentage= 10.0
decroissance= 0.02
nbiterstagnant= 100
nbiterameliore= 10
f1= 30
f2= 8.8
f3= 2.633122354417533
Temps= 0.0225787s
nbiterameliore= 15
f1= 50
f2= 8.266666666666667
f3= 2.9514591494904874
Temps= 0.0107459s
nbiterameliore= 1000
f1= 60
f2= 14.133333333333333
f3= 4.402019738458447
Temps= 0.0087451s
