fonctionobjectif= 3
pourcentage= 10.0
decroissance= 0.02
nbiterstagnant= 100
nbiterameliore= 10
f1= 30
f2= 8.266666666666675
f3= 2.47056748616663
Temps= 0.0150982s
nbiterameliore= 15
f1= 30
f2= 7.111111111111124
f3= 2.2835969028738003
Temps= 0.0323881s
nbiterameliore= 1000
f1= 50
f2= 14.93333333333334
f3= 4.4087455173821315
Temps= 0.00965s
