fonctionobjectif= 3
pourcentage= 10.0
decroissance= 0.02
nbiterstagnant= 100
nbiterameliore= 10
f1= 40
f2= 10.4
f3= 3.098386676965933
Temps= 0.0184503s
nbiterameliore= 15
f1= 30
f2= 7.466666666666667
f3= 2.270584848790187
Temps= 0.0186548s
nbiterameliore= 1000
f1= 60
f2= 14.4
f3= 4.402019738458447
Temps= 0.0106087s
