fonctionobjectif= 3
pourcentage= 10.0
decroissance= 0.02
nbiterstagnant= 100
f1= 30
f2= 6.666666666666667
f3= 2.1499353995462798
f1= 50
f2= 7.733333333333333
f3= 2.859681411936962
f1= 50
f2= 9.333333333333334
f3= 3.155242550986462
