fonctionobjectif= 3
pourcentage= 10.0
decroissance= 0.02
nbiterstagnant= 100
f1= 20
f2= 1.3333333333333333
f3= 0.9428090415820634
f1= 30
f2= 6.666666666666667
f3= 2.3094010767585034
f1= 40
f2= 9.333333333333334
f3= 3.1269438398822866
