fonctionobjectif= 3
pourcentage= 10.0
decroissance= 0.02
nbiterstagnant= 100
f1= 40
f2= 8.888888888888891
f3= 2.7755546659548433
f1= 40
f2= 8.888888888888891
f3= 2.7755546659548433
f1= 50
f2= 12.000000000000007
f3= 3.731745694165925
