fonctionobjectif= 3
pourcentage= 10.0
decroissance= 0.02
nbiterstagnant= 100
f1= 30
f2= 6.844444444444442
f3= 2.2043727586910653
f1= 30
f2= 7.822222222222225
f3= 2.397529592757542
f1= 30
f2= 6.57777777777776
f3= 2.2043727586910653
