fonctionobjectif= 3
pourcentage= 10.0
decroissance= 0.02
nbiterstagnant= 100
nbiterameliore= 10
f1= 30
f2= 6.133333333333334
f3= 1.837873166945363
Temps= 0.0276259s
nbiterameliore= 15
f1= 30
f2= 6.933333333333334
f3= 2.0655911179772892
Temps= 0.0193927s
nbiterameliore= 1000
f1= 40
f2= 10.933333333333334
f3= 3.238655413730965
Temps= 0.0090867s
