fonctionobjectif= 3
pourcentage= 10.0
decroissance= 0.02
nbiterstagnant= 100
nbiterameliore= 10
f1= 30
f2= 7.022222222222225
f3= 2.0798860367640155
Temps= 0.0238701s
nbiterameliore= 15
f1= 30
f2= 8.355555555555558
f3= 2.47056748616663
Temps= 0.0140284s
nbiterameliore= 1000
f1= 70
f2= 12.977777777777776
f3= 4.30675610502245
Temps= 0.0173949s
