fonctionobjectif= 3
pourcentage= 10.0
decroissance= 0.02
nbiterstagnant= 100
nbiterameliore= 10
f1= 20
f2= 4.888888888888876
f3= 1.4807405554629052
Temps= 0.0186938s
nbiterameliore= 15
f1= 20
f2= 4.888888888888876
f3= 1.4807405554629052
Temps= 0.0288247s
nbiterameliore= 1000
f1= 50
f2= 9.244444444444428
f3= 3.192583999300972
Temps= 0.0140631s
