fonctionobjectif= 3
pourcentage= 10.0
decroissance= 0.02
nbiterstagnant= 100
f1= 30
f2= 8.0
f3= 2.5298221281347035
f1= 30
f2= 6.666666666666667
f3= 2.1499353995462798
f1= 40
f2= 6.666666666666667
f3= 2.3475755815545347
