fonctionobjectif= 3
pourcentage= 10.0
decroissance= 0.02
nbiterstagnant= 100
nbiterameliore= 10
f1= 20
f2= 6.666666666666667
f3= 2.1081851067789197
Temps= 0.0193741s
nbiterameliore= 15
f1= 40
f2= 8.0
f3= 2.8284271247461903
Temps= 0.0119823s
nbiterameliore= 1000
f1= 60
f2= 10.666666666666666
f3= 3.8873012632302
Temps= 0.0140828s
