fonctionobjectif= 3
pourcentage= 10.0
decroissance= 0.02
nbiterstagnant= 100
nbiterameliore= 10
f1= 10
f2= 4.444444444444457
f3= 1.2171612389003692
Temps= 0.0252394s
nbiterameliore= 15
f1= 20
f2= 6.222222222222225
f3= 1.8053418676968798
Temps= 0.0263973s
nbiterameliore= 1000
f1= 40
f2= 10.666666666666659
f3= 3.3554819712314434
Temps= 0.0159698s
