fonctionobjectif= 3
pourcentage= 10.0
decroissance= 0.02
nbiterstagnant= 100
f1= 40
f2= 10.4
f3= 3.098386676965933
f1= 30
f2= 7.466666666666667
f3= 2.270584848790187
f1= 60
f2= 12.266666666666667
f3= 3.977715704047013
