fonctionobjectif= 3
pourcentage= 10.0
decroissance= 0.02
nbiterstagnant= 100
nbiterameliore= 10
f1= 30
f2= 6.844444444444442
f3= 2.2043727586910653
Temps= 0.0125245s
nbiterameliore= 15
f1= 40
f2= 10.48888888888889
f3= 3.192583999300972
Temps= 0.0123325s
nbiterameliore= 1000
f1= 40
f2= 7.555555555555543
f3= 2.576244754878122
Temps= 0.0170606s
