fonctionobjectif= 3
pourcentage= 10.0
decroissance= 0.02
nbiterstagnant= 100
f1= 30
f2= 6.133333333333334
f3= 1.837873166945363
f1= 20
f2= 6.4
f3= 1.837873166945363
f1= 30
f2= 10.933333333333334
f3= 3.098386676965933
