fonctionobjectif= 3
pourcentage= 10.0
decroissance= 0.02
nbiterstagnant= 100
nbiterameliore= 10
f1= 20
f2= 4.97777777777776
f3= 1.7554149029450221
Temps= 0.0126291s
nbiterameliore= 15
f1= 30
f2= 6.22222222222221
f3= 2.2043727586910653
Temps= 0.0251935s
nbiterameliore= 1000
f1= 70
f2= 11.555555555555543
f3= 4.159772073528032
Temps= 0.011112s
