fonctionobjectif= 3
pourcentage= 10.0
decroissance= 0.02
nbiterstagnant= 100
f1= 30
f2= 8.266666666666675
f3= 2.47056748616663
f1= 30
f2= 7.111111111111124
f3= 2.2835969028738003
f1= 40
f2= 9.600000000000007
f3= 3.107934886586149
