fonctionobjectif= 3
pourcentage= 10.0
decroissance= 0.02
nbiterstagnant= 100
nbiterameliore= 10
f1= 40
f2= 8.888888888888891
f3= 2.7755546659548433
Temps= 0.0293027s
nbiterameliore= 15
f1= 40
f2= 8.888888888888891
f3= 2.7755546659548433
Temps= 0.030159s
nbiterameliore= 1000
f1= 60
f2= 13.777777777777775
f3= 4.286067004885757
Temps= 0.0181471s
