fonctionobjectif= 3
pourcentage= 10.0
decroissance= 0.02
nbiterstagnant= 100
nbiterameliore= 10
f1= 30
f2= 7.142857142857143
f3= 2.193284210224967
Temps= 0.0210034s
nbiterameliore= 15
f1= 30
f2= 6.9387755102040956
f3= 2.193284210224967
Temps= 0.0259074s
nbiterameliore= 1000
f1= 40
f2= 10.204081632653047
f3= 3.148418085824798
Temps= 0.011004s
