fonctionobjectif= 3
pourcentage= 10.0
decroissance= 0.02
nbiterstagnant= 100
f1= 20
f2= 4.888888888888876
f3= 1.4807405554629052
f1= 20
f2= 4.888888888888876
f3= 1.4807405554629052
f1= 60
f2= 13.51111111111111
f3= 4.159772073528032
