fonctionobjectif= 3
pourcentage= 10.0
decroissance= 0.02
nbiterstagnant= 100
nbiterameliore= 10
f1= 30
f2= 6.844444444444442
f3= 2.2043727586910653
Temps= 0.0157216s
nbiterameliore= 15
f1= 30
f2= 7.822222222222225
f3= 2.397529592757542
Temps= 0.0245569s
nbiterameliore= 1000
f1= 30
f2= 7.199999999999992
f3= 2.2043727586910653
Temps= 0.0110499s
