fonctionobjectif= 3
pourcentage= 10.0
decroissance= 0.02
nbiterstagnant= 100
f1= 50
f2= 8.888888888888877
f3= 3.3288859219687117
f1= 50
f2= 10.133333333333326
f3= 3.459822303293967
f1= 60
f2= 12.888888888888877
f3= 4.46882203386646
