fonctionobjectif= 3
pourcentage= 10.0
decroissance= 0.02
nbiterstagnant= 100
nbiterameliore= 10
f1= 30
f2= 8.0
f3= 2.5298221281347035
Temps= 0.0123198s
nbiterameliore= 15
f1= 30
f2= 6.666666666666667
f3= 2.1499353995462798
Temps= 0.0152724s
nbiterameliore= 1000
f1= 60
f2= 16.8
f3= 4.917090377222873
Temps= 0.0110696s
