fonctionobjectif= 3
pourcentage= 10.0
decroissance= 0.02
nbiterstagnant= 100
nbiterameliore= 10
f1= 30
f2= 4.533333333333333
f3= 1.6865480854231358
Temps= 0.013398s
nbiterameliore= 15
f1= 30
f2= 6.666666666666667
f3= 2.1499353995462798
Temps= 0.0197734s
nbiterameliore= 1000
f1= 50
f2= 6.133333333333334
f3= 2.859681411936962
Temps= 0.0121628s
