fonctionobjectif= 3
pourcentage= 10.0
decroissance= 0.02
nbiterstagnant= 100
f1= 30
f2= 7.142857142857143
f3= 2.193284210224967
f1= 30
f2= 6.9387755102040956
f3= 2.193284210224967
f1= 40
f2= 9.183673469387761
f3= 2.9819671828984604
