fonctionobjectif= 3
pourcentage= 10.0
decroissance= 0.02
nbiterstagnant= 100
f1= 30
f2= 4.97777777777776
f3= 1.992578824129768
f1= 20
f2= 3.7333333333333107
f3= 1.4807405554629052
f1= 40
f2= 8.799999999999992
f3= 2.9008300217032383
