fonctionobjectif= 3
pourcentage= 10.0
decroissance= 0.02
nbiterstagnant= 100
f1= 20
f2= 6.666666666666667
f3= 2.1081851067789197
f1= 40
f2= 8.0
f3= 2.8284271247461903
f1= 60
f2= 12.0
f3= 4.0
