fonctionobjectif= 3
pourcentage= 10.0
decroissance= 0.02
nbiterstagnant= 100
nbiterameliore= 10
f1= 10
f2= 4.977777777777775
f3= 1.2881223774390613
Temps= 0.0173018s
nbiterameliore= 15
f1= 30
f2= 7.7333333333333405
f3= 2.2835969028738003
Temps= 0.0187944s
nbiterameliore= 1000
f1= 70
f2= 13.066666666666674
f3= 4.508428321036714
Temps= 0.0089626s
