fonctionobjectif= 3
pourcentage= 10.0
decroissance= 0.02
nbiterstagnant= 100
f1= 40
f2= 8.177777777777768
f3= 1.8216801361705952
f1= 60
f2= 9.5111111111111
f3= 2.2574977954133857
f1= 50
f2= 13.377777777777775
f3= 2.746040921170102
