fonctionobjectif= 3
pourcentage= 10.0
decroissance= 0.02
nbiterstagnant= 100
nbiterameliore= 10
f1= 90
f2= 14.081632653061238
f3= 3.514858091765272
Temps= 0.0375225s
nbiterameliore= 15
f1= 60
f2= 9.795918367346953
f3= 2.391981259128784
Temps= 0.0201438s
nbiterameliore= 1000
f1= 60
f2= 13.97959183673469
f3= 3.0900008019850453
Temps= 0.0457765s
