fonctionobjectif= 3
pourcentage= 10.0
decroissance= 0.02
nbiterstagnant= 100
f1= 40
f2= 9.607609988109399
f3= 2.1467731692908454
f1= 40
f2= 7.824019024970281
f3= 1.9124294828078925
f1= 60
f2= 11.676575505350778
f3= 2.81744651027251
