fonctionobjectif= 3
pourcentage= 10.0
decroissance= 0.02
nbiterstagnant= 100
f1= 50
f2= 11.06666666666666
f3= 2.3796980823127467
f1= 60
f2= 9.911111111111108
f3= 2.235239650752531
f1= 70
f2= 11.244444444444442
f3= 2.6027051454350474
