fonctionobjectif= 3
pourcentage= 10.0
decroissance= 0.02
nbiterstagnant= 100
f1= 30
f2= 7.022222222222225
f3= 1.4857346355952694
f1= 50
f2= 6.8888888888888955
f3= 1.7596295906514807
f1= 50
f2= 8.177777777777779
f3= 1.9398358082484617
