fonctionobjectif= 3
pourcentage= 10.0
decroissance= 0.02
nbiterstagnant= 100
nbiterameliore= 10
f1= 40
f2= 10.790816326530612
f3= 2.387215402114626
Temps= 0.0380397s
nbiterameliore= 15
f1= 40
f2= 8.928571428571429
f3= 2.041613364767026
Temps= 0.0229788s
nbiterameliore= 1000
f1= 70
f2= 12.627551020408166
f3= 3.044704574753003
Temps= 0.0223959s
