fonctionobjectif= 3
pourcentage= 10.0
decroissance= 0.02
nbiterstagnant= 100
f1= 90
f2= 14.081632653061238
f3= 3.514858091765272
f1= 60
f2= 9.795918367346953
f3= 2.391981259128784
f1= 50
f2= 11.632653061224476
f3= 2.596532785714178
