fonctionobjectif= 3
pourcentage= 10.0
decroissance= 0.02
nbiterstagnant= 100
nbiterameliore= 10
f1= 40
f2= 8.222222222222209
f3= 1.9484086574166868
Temps= 0.0440741s
nbiterameliore= 15
f1= 40
f2= 8.55555555555555
f3= 2.004624283629858
Temps= 0.0423039s
nbiterameliore= 1000
f1= 40
f2= 9.333333333333325
f3= 2.1125725935368385
Temps= 0.043433s
