fonctionobjectif= 3
pourcentage= 10.0
decroissance= 0.02
nbiterstagnant= 100
f1= 30
f2= 7.866666666666666
f3= 1.673320053068151
f1= 80
f2= 9.2
f3= 2.3851391759997758
f1= 70
f2= 11.733333333333333
f3= 2.691550565091513
