fonctionobjectif= 3
pourcentage= 10.0
decroissance= 0.02
nbiterstagnant= 100
nbiterameliore= 10
f1= 40
f2= 7.300832342449459
f3= 1.7348064696754641
Temps= 0.031188s
nbiterameliore= 15
f1= 40
f2= 7.990487514863252
f3= 1.8668630758748608
Temps= 0.0628195s
nbiterameliore= 1000
f1= 60
f2= 10.225921521997615
f3= 2.6104688356547445
Temps= 0.0433801s
