fonctionobjectif= 3
pourcentage= 10.0
decroissance= 0.02
nbiterstagnant= 100
nbiterameliore= 10
f1= 60
f2= 10.946502057613165
f3= 2.6363156177855083
Temps= 0.0290893s
nbiterameliore= 15
f1= 60
f2= 8.88888888888888
f3= 2.303056556318226
Temps= 0.0217371s
nbiterameliore= 1000
f1= 80
f2= 13.168724279835386
f3= 3.3674522708607046
Temps= 0.0200475s
