fonctionobjectif= 3
pourcentage= 10.0
decroissance= 0.02
nbiterstagnant= 100
f1= 40
f2= 8.010973936899857
f3= 1.8422246325596208
f1= 30
f2= 7.242798353909462
f3= 1.603354711010548
f1= 60
f2= 10.150891632373119
f3= 2.5321185288749235
