fonctionobjectif= 3
pourcentage= 10.0
decroissance= 0.02
nbiterstagnant= 100
f1= 30
f2= 5.777777777777787
f3= 1.4207457613938246
f1= 40
f2= 7.555555555555562
f3= 1.7690759253434065
f1= 40
f2= 8.111111111111116
f3= 1.8308063392537868
