fonctionobjectif= 3
pourcentage= 10.0
decroissance= 0.02
nbiterstagnant= 100
f1= 70
f2= 11.428571428571429
f3= 2.9287891905101295
f1= 80
f2= 13.392857142857142
f3= 3.4855752314184167
f1= 100
f2= 13.928571428571429
f3= 3.9000588692574207
