fonctionobjectif= 3
pourcentage= 10.0
decroissance= 0.02
nbiterstagnant= 100
nbiterameliore= 10
f1= 40
f2= 9.8
f3= 2.1265517210315443
Temps= 0.0697406s
nbiterameliore= 15
f1= 30
f2= 5.4
f3= 1.3621877827801698
Temps= 0.0471634s
nbiterameliore= 1000
f1= 50
f2= 10.0
f3= 2.3261795096490534
Temps= 0.033502s
