fonctionobjectif= 3
pourcentage= 10.0
decroissance= 0.02
nbiterstagnant= 100
nbiterameliore= 10
f1= 40
f2= 8.53333333333335
f3= 1.9851299052557594
Temps= 0.0468117s
nbiterameliore= 15
f1= 40
f2= 6.444444444444457
f3= 1.614746855518662
Temps= 0.0311025s
nbiterameliore= 1000
f1= 80
f2= 12.088888888888892
f3= 2.895718422979898
Temps= 0.0233064s
