fonctionobjectif= 3
pourcentage= 10.0
decroissance= 0.02
nbiterstagnant= 100
nbiterameliore= 10
f1= 30
f2= 7.022222222222225
f3= 1.4857346355952694
Temps= 0.0414136s
nbiterameliore= 15
f1= 50
f2= 6.8888888888888955
f3= 1.7596295906514807
Temps= 0.0496602s
nbiterameliore= 1000
f1= 60
f2= 10.711111111111116
f3= 2.491466918786482
Temps= 0.0469219s
