fonctionobjectif= 3
pourcentage= 10.0
decroissance= 0.02
nbiterstagnant= 100
nbiterameliore= 10
f1= 60
f2= 10.533333333333333
f3= 2.4312776705080625
Temps= 0.0421003s
nbiterameliore= 15
f1= 50
f2= 10.533333333333333
f3= 2.241031508529548
Temps= 0.0296619s
nbiterameliore= 1000
f1= 80
f2= 14.133333333333333
f3= 3.252349578040125
Temps= 0.0526446s
