fonctionobjectif= 3
pourcentage= 10.0
decroissance= 0.02
nbiterstagnant= 100
nbiterameliore= 10
f1= 60
f2= 10.355555555555558
f3= 2.34441811464941
Temps= 0.0357995s
nbiterameliore= 15
f1= 60
f2= 9.688888888888892
f3= 2.3444181146494105
Temps= 0.0294855s
nbiterameliore= 1000
f1= 70
f2= 12.622222222222216
f3= 2.817931997181753
Temps= 0.0269269s
