fonctionobjectif= 3
pourcentage= 10.0
decroissance= 0.02
nbiterstagnant= 100
nbiterameliore= 10
f1= 40
f2= 8.177777777777768
f3= 1.8216801361705952
Temps= 0.031761s
nbiterameliore= 15
f1= 60
f2= 9.5111111111111
f3= 2.2574977954133857
Temps= 0.0226358s
nbiterameliore= 1000
f1= 80
f2= 11.422222222222217
f3= 2.864857310130368
Temps= 0.0261978s
