fonctionobjectif= 3
pourcentage= 10.0
decroissance= 0.02
nbiterstagnant= 100
f1= 50
f2= 10.368608799048753
f3= 2.2837394748012367
f1= 40
f2= 7.895362663495858
f3= 2.0065904780678796
f1= 50
f2= 7.895362663495858
f3= 2.121798671766429
