fonctionobjectif= 3
pourcentage= 10.0
decroissance= 0.02
nbiterstagnant= 100
nbiterameliore= 10
f1= 30
f2= 7.377777777777783
f3= 1.5444044759016935
Temps= 0.0469595s
nbiterameliore= 15
f1= 50
f2= 10.355555555555558
f3= 2.2476324992871617
Temps= 0.0586054s
nbiterameliore= 1000
f1= 40
f2= 10.622222222222216
f3= 2.1976418337913093
Temps= 0.0383928s
