fonctionobjectif= 3
pourcentage= 10.0
decroissance= 0.02
nbiterstagnant= 100
nbiterameliore= 10
f1= 30
f2= 5.777777777777787
f3= 1.4207457613938246
Temps= 0.0443114s
nbiterameliore= 15
f1= 40
f2= 7.555555555555562
f3= 1.7690759253434065
Temps= 0.0413153s
nbiterameliore= 1000
f1= 60
f2= 10.222222222222229
f3= 2.4532669073132913
Temps= 0.037965s
