fonctionobjectif= 3
pourcentage= 10.0
decroissance= 0.02
nbiterstagnant= 100
nbiterameliore= 10
f1= 40
f2= 9.607609988109399
f3= 2.1467731692908454
Temps= 0.0502161s
nbiterameliore= 15
f1= 40
f2= 7.824019024970281
f3= 1.9124294828078925
Temps= 0.0639395s
nbiterameliore= 1000
f1= 70
f2= 11.129607609988115
f3= 2.774922108785794
Temps= 0.0268906s
