fonctionobjectif= 3
pourcentage= 10.0
decroissance= 0.02
nbiterstagnant= 100
nbiterameliore= 10
f1= 40
f2= 8.010973936899857
f3= 1.8422246325596208
Temps= 0.0377452s
nbiterameliore= 15
f1= 30
f2= 7.242798353909462
f3= 1.603354711010548
Temps= 0.0206564s
nbiterameliore= 1000
f1= 50
f2= 9.465020576131685
f3= 2.1830102403086165
Temps= 0.0221504s
