fonctionobjectif= 3
pourcentage= 10.0
decroissance= 0.02
nbiterstagnant= 100
nbiterameliore= 10
f1= 40
f2= 7.266666666666682
f3= 1.743771986453717
Temps= 0.0267911s
nbiterameliore= 15
f1= 40
f2= 6.600000000000015
f3= 1.6113026706042215
Temps= 0.0246004s
nbiterameliore= 1000
f1= 50
f2= 11.51111111111111
f3= 2.4350830847487788
Temps= 0.0227401s
