fonctionobjectif= 3
pourcentage= 10.0
decroissance= 0.02
nbiterstagnant= 100
nbiterameliore= 10
f1= 30
f2= 7.444444444444434
f3= 1.638653467083625
Temps= 0.028833s
nbiterameliore= 15
f1= 40
f2= 9.999999999999993
f3= 2.2152668930418766
Temps= 0.0280681s
nbiterameliore= 1000
f1= 70
f2= 11.666666666666666
f3= 2.752103572555741
Temps= 0.0344718s
