fonctionobjectif= 3
pourcentage= 10.0
decroissance= 0.02
nbiterstagnant= 100
nbiterameliore= 10
f1= 60
f2= 10.333333333333334
f3= 2.316606713852541
Temps= 0.0242097s
nbiterameliore= 15
f1= 50
f2= 7.666666666666667
f3= 1.834847859269718
Temps= 0.0262174s
nbiterameliore= 1000
f1= 60
f2= 10.733333333333333
f3= 2.501110864307209
Temps= 0.0194911s
