fonctionobjectif= 3
pourcentage= 10.0
decroissance= 0.02
nbiterstagnant= 100
nbiterameliore= 10
f1= 60
f2= 10.666666666666666
f3= 2.5121924908555697
Temps= 0.0571984s
nbiterameliore= 15
f1= 40
f2= 7.866666666666666
f3= 1.788854381999832
Temps= 0.0240831s
nbiterameliore= 1000
f1= 70
f2= 9.866666666666667
f3= 2.5121924908555697
Temps= 0.0235025s
