fonctionobjectif= 3
pourcentage= 10.0
decroissance= 0.02
nbiterstagnant= 100
nbiterameliore= 10
f1= 50
f2= 10.368608799048753
f3= 2.2837394748012367
Temps= 0.0363172s
nbiterameliore= 15
f1= 40
f2= 7.895362663495858
f3= 2.0065904780678796
Temps= 0.0415738s
nbiterameliore= 1000
f1= 50
f2= 12.532699167657558
f3= 2.7556464346775185
Temps= 0.0358993s
