fonctionobjectif= 3
pourcentage= 10.0
decroissance= 0.02
nbiterstagnant= 100
nbiterameliore= 10
f1= 30
f2= 7.6
f3= 1.6055459438389728
Temps= 0.0247939s
nbiterameliore= 15
f1= 40
f2= 8.0
f3= 1.8012341448141729
Temps= 0.0236903s
nbiterameliore= 1000
f1= 80
f2= 11.733333333333333
f3= 2.9287843515318395
Temps= 0.0231695s
