fonctionobjectif= 3
pourcentage= 10.0
decroissance= 0.02
nbiterstagnant= 100
nbiterameliore= 10
f1= 70
f2= 11.428571428571429
f3= 2.9287891905101295
Temps= 0.0411288s
nbiterameliore= 15
f1= 80
f2= 13.392857142857142
f3= 3.4855752314184167
Temps= 0.0222653s
nbiterameliore= 1000
f1= 70
f2= 11.785714285714286
f3= 2.88490971810777
Temps= 0.0423774s
