fonctionobjectif= 3
pourcentage= 10.0
decroissance= 0.02
nbiterstagnant= 100
f1= 40
f2= 8.222222222222209
f3= 1.9484086574166868
f1= 40
f2= 8.55555555555555
f3= 2.004624283629858
f1= 50
f2= 9.111111111111093
f3= 2.16452885986424
