fonctionobjectif= 3
pourcentage= 10.0
decroissance= 0.02
nbiterstagnant= 100
f1= 40
f2= 7.110582639714625
f3= 1.5736982883772368
f1= 50
f2= 10.653983353151013
f3= 2.308738149696504
f1= 60
f2= 12.199762187871581
f3= 2.644798053310287
