fonctionobjectif= 3
pourcentage= 10.0
decroissance= 0.02
nbiterstagnant= 100
f1= 140
f2= 25.888000000000016
f3= 7.831832480333064
f1= 150
f2= 26.816000000000017
f3= 8.422446200481184
f1= 160
f2= 28.960000000000015
f3= 8.812354963345493
