fonctionobjectif= 3
pourcentage= 10.0
decroissance= 0.02
nbiterstagnant= 100
f1= 60
f2= 10.533333333333333
f3= 2.4312776705080625
f1= 50
f2= 10.533333333333333
f3= 2.241031508529548
f1= 50
f2= 10.266666666666667
f3= 2.241031508529548
