fonctionobjectif= 3
pourcentage= 10.0
decroissance= 0.02
nbiterstagnant= 100
nbiterameliore= 10
f1= 60
f2= 9.084423305588592
f3= 2.434933751464519
Temps= 0.0322536s
nbiterameliore= 15
f1= 40
f2= 7.752675386444719
f3= 1.7536125093641648
Temps= 0.0250231s
nbiterameliore= 1000
f1= 60
f2= 11.29607609988111
f3= 2.7984637573800146
Temps= 0.0305058s
