fonctionobjectif= 3
pourcentage= 10.0
decroissance= 0.02
nbiterstagnant= 100
nbiterameliore= 10
f1= 40
f2= 7.110582639714625
f3= 1.5736982883772368
Temps= 0.0348736s
nbiterameliore= 15
f1= 50
f2= 10.653983353151013
f3= 2.308738149696504
Temps= 0.0235398s
nbiterameliore= 1000
f1= 50
f2= 10.48751486325803
f3= 2.4583954582450085
Temps= 0.0200277s
