fonctionobjectif= 3
pourcentage= 10.0
decroissance= 0.02
nbiterstagnant= 100
f1= 50
f2= 9.42222222222222
f3= 2.133506937380765
f1= 30
f2= 6.822222222222225
f3= 1.451691223162628
f1= 60
f2= 9.733333333333338
f3= 2.3796980823127467
