fonctionobjectif= 3
pourcentage= 10.0
decroissance= 0.02
nbiterstagnant= 100
f1= 60
f2= 9.084423305588592
f3= 2.434933751464519
f1= 40
f2= 7.752675386444719
f3= 1.7536125093641648
f1= 90
f2= 11.248513674197397
f3= 3.0034080714185705
