fonctionobjectif= 3
pourcentage= 10.0
decroissance= 0.02
nbiterstagnant= 100
nbiterameliore= 10
f1= 40
f2= 6.944114149821632
f3= 1.7348064696754646
Temps= 0.0212352s
nbiterameliore= 15
f1= 50
f2= 8.680142687277044
f3= 2.049052007470917
Temps= 0.0340896s
nbiterameliore= 1000
f1= 40
f2= 10.249702734839476
f3= 2.1619987017012043
Temps= 0.0208005s
