fonctionobjectif= 3
pourcentage= 10.0
decroissance= 0.02
nbiterstagnant= 100
nbiterameliore= 10
f1= 40
f2= 7.266666666666667
f3= 1.7224014243685084
Temps= 0.0377121s
nbiterameliore= 15
f1= 60
f2= 7.866666666666666
f3= 2.073644135332772
Temps= 0.0418882s
nbiterameliore= 1000
f1= 70
f2= 13.8
f3= 3.1037611591959413
Temps= 0.0253347s
