fonctionobjectif= 3
pourcentage= 10.0
decroissance= 0.02
nbiterstagnant= 100
f1= 40
f2= 7.266666666666667
f3= 1.7224014243685084
f1= 60
f2= 7.866666666666666
f3= 2.073644135332772
f1= 60
f2= 14.4
f3= 2.95710068216225
