fonctionobjectif= 3
pourcentage= 10.0
decroissance= 0.02
nbiterstagnant= 100
f1= 60
f2= 10.666666666666666
f3= 2.5121924908555697
f1= 40
f2= 7.866666666666666
f3= 1.788854381999832
f1= 50
f2= 10.533333333333333
f3= 2.422120283277993
