fonctionobjectif= 3
pourcentage= 10.0
decroissance= 0.02
nbiterstagnant= 100
f1= 40
f2= 7.300832342449459
f3= 1.7348064696754641
f1= 40
f2= 7.990487514863252
f3= 1.8668630758748608
f1= 60
f2= 9.013079667063012
f3= 2.3211365258022507
