fonctionobjectif= 3
pourcentage= 10.0
decroissance= 0.02
nbiterstagnant= 100
nbiterameliore= 10
f1= 30
f2= 7.866666666666666
f3= 1.673320053068151
Temps= 0.0334821s
nbiterameliore= 15
f1= 80
f2= 9.2
f3= 2.3851391759997758
Temps= 0.0369027s
nbiterameliore= 1000
f1= 70
f2= 11.733333333333333
f3= 2.691550565091513
Temps= 0.0238818s
