fonctionobjectif= 3
pourcentage= 10.0
decroissance= 0.02
nbiterstagnant= 100
nbiterameliore= 10
f1= 50
f2= 11.06666666666666
f3= 2.3796980823127467
Temps= 0.0655473s
nbiterameliore= 15
f1= 60
f2= 9.911111111111108
f3= 2.235239650752531
Temps= 0.0539866s
nbiterameliore= 1000
f1= 60
f2= 11.06666666666666
f3= 2.5596585420426394
Temps= 0.0671587s
