fonctionobjectif= 3
pourcentage= 10.0
decroissance= 0.02
nbiterstagnant= 100
f1= 30
f2= 7.377777777777783
f3= 1.5444044759016935
f1= 50
f2= 10.355555555555558
f3= 2.2476324992871617
f1= 40
f2= 7.644444444444442
f3= 1.6821502993578277
