fonctionobjectif= 3
pourcentage= 10.0
decroissance= 0.02
nbiterstagnant= 100
f1= 40
f2= 9.8
f3= 2.1265517210315443
f1= 30
f2= 5.4
f3= 1.3621877827801698
f1= 60
f2= 10.466666666666667
f3= 2.4198255217175384
