fonctionobjectif= 3
pourcentage= 10.0
decroissance= 0.02
nbiterstagnant= 100
nbiterameliore= 10
f1= 140
f2= 25.888000000000016
f3= 7.831832480333064
Temps= 0.0294498s
nbiterameliore= 15
f1= 150
f2= 26.816000000000017
f3= 8.422446200481184
Temps= 0.0193706s
nbiterameliore= 1000
f1= 160
f2= 26.816000000000017
f3= 8.498093903929277
Temps= 0.0161405s
