fonctionobjectif= 3
pourcentage= 10.0
decroissance= 0.02
nbiterstagnant= 100
f1= 30
f2= 7.444444444444434
f3= 1.638653467083625
f1= 40
f2= 9.999999999999993
f3= 2.2152668930418766
f1= 50
f2= 12.666666666666659
f3= 2.7114298537583177
