fonctionobjectif= 3
pourcentage= 10.0
decroissance= 0.02
nbiterstagnant= 100
f1= 40
f2= 6.944114149821632
f3= 1.7348064696754646
f1= 50
f2= 8.680142687277044
f3= 2.049052007470917
f1= 70
f2= 10.083234244946492
f3= 2.8290648956885716
