fonctionobjectif= 3
pourcentage= 10.0
decroissance= 0.02
nbiterstagnant= 100
nbiterameliore= 10
f1= 30
f2= 8.223999999999988
f3= 1.9530488985173924
Temps= 0.0253552s
nbiterameliore= 15
f1= 40
f2= 8.895999999999994
f3= 2.1105449533236667
Temps= 0.024936s
nbiterameliore= 1000
f1= 60
f2= 9.823999999999987
f3= 2.6484712571594957
Temps= 0.019997s
