fonctionobjectif= 3
pourcentage= 10.0
decroissance= 0.02
nbiterstagnant= 100
nbiterameliore= 10
f1= 30
f2= 6.175999999999999
f3= 1.3948476619330157
Temps= 0.0441589s
nbiterameliore= 15
f1= 50
f2= 9.727999999999998
f3= 2.405327420539665
Temps= 0.0261453s
nbiterameliore= 1000
f1= 70
f2= 12.479999999999995
f3= 3.2535519052260407
Temps= 0.024865s
