fonctionobjectif= 3
pourcentage= 10.0
decroissance= 0.02
nbiterstagnant= 100
nbiterameliore= 10
f1= 30
f2= 6.458333333333333
f3= 1.586619397054981
Temps= 0.048315s
nbiterameliore= 15
f1= 30
f2= 5.208333333333333
f3= 1.3501543121683042
Temps= 0.0299301s
nbiterameliore= 1000
f1= 70
f2= 12.5
f3= 3.1868871959954905
Temps= 0.0262556s
