fonctionobjectif= 3
pourcentage= 10.0
decroissance= 0.02
nbiterstagnant= 100
f1= 20
f2= 4.70400000000001
f3= 1.2237646832622682
f1= 30
f2= 6.848000000000006
f3= 1.6666133324799721
f1= 60
f2= 10.176000000000009
f3= 2.7527440854536405
