fonctionobjectif= 3
pourcentage= 10.0
decroissance= 0.02
nbiterstagnant= 100
f1= 40
f2= 11.072000000000003
f3= 2.658119636133784
f1= 20
f2= 5.824000000000001
f3= 1.2749901960407382
f1= 50
f2= 12.575999999999999
f3= 2.9437391188758557
