fonctionobjectif= 3
pourcentage= 10.0
decroissance= 0.02
nbiterstagnant= 100
f1= 30
f2= 6.975999999999999
f3= 1.6079800993793425
f1= 30
f2= 7.679999999999995
f3= 1.795995545651492
f1= 60
f2= 13.024000000000001
f3= 3.153664535108324
