fonctionobjectif= 3
pourcentage= 10.0
decroissance= 0.02
nbiterstagnant= 100
nbiterameliore= 10
f1= 30
f2= 7.584000000000006
f3= 1.763632614803888
Temps= 0.0264118s
nbiterameliore= 15
f1= 40
f2= 8.896000000000013
f3= 2.1703455946000854
Temps= 0.0244306s
nbiterameliore= 1000
f1= 40
f2= 10.271999999999998
f3= 2.3130931671681534
Temps= 0.0314921s
