fonctionobjectif= 3
pourcentage= 10.0
decroissance= 0.02
nbiterstagnant= 100
nbiterameliore= 10
f1= 30
f2= 6.208000000000002
f3= 1.3994284547628721
Temps= 0.0309101s
nbiterameliore= 15
f1= 20
f2= 5.824000000000005
f3= 1.2799999999999998
Temps= 0.0280658s
nbiterameliore= 1000
f1= 50
f2= 12.575999999999995
f3= 2.8910897599348244
Temps= 0.0326151s
