fonctionobjectif= 3
pourcentage= 10.0
decroissance= 0.02
nbiterstagnant= 100
f1= 30
f2= 7.008000000000002
f3= 1.6119553343687907
f1= 40
f2= 7.008000000000002
f3= 1.7083325203250095
f1= 40
f2= 7.743999999999987
f3= 1.8863721796082553
