fonctionobjectif= 3
pourcentage= 10.0
decroissance= 0.02
nbiterstagnant= 100
f1= 40
f2= 9.759999999999991
f3= 2.299217258111986
f1= 60
f2= 11.35999999999999
f3= 2.8576913759186806
f1= 50
f2= 9.088000000000001
f3= 2.299217258111986
