fonctionobjectif= 3
pourcentage= 10.0
decroissance= 0.02
nbiterstagnant= 100
f1= 40
f2= 7.808000000000002
f3= 1.8863721796082553
f1= 50
f2= 9.856000000000012
f3= 2.4735399733984487
f1= 130
f2= 23.775999999999996
f3= 6.121960470306878
