fonctionobjectif= 3
pourcentage= 10.0
decroissance= 0.02
nbiterstagnant= 100
f1= 30
f2= 4.3478260869565215
f3= 1.5061311370164152
f1= 20
f2= 3.4782608695652173
f3= 1.2297509238026914
f1= 50
f2= 12.173913043478262
f3= 2.948839123097943
