fonctionobjectif= 3
pourcentage= 10.0
decroissance= 0.02
nbiterstagnant= 100
f1= 30
f2= 6.208000000000002
f3= 1.3994284547628721
f1= 20
f2= 5.824000000000005
f3= 1.2799999999999998
f1= 30
f2= 7.424000000000006
f3= 1.7083325203250095
