fonctionobjectif= 3
pourcentage= 10.0
decroissance= 0.02
nbiterstagnant= 100
f1= 40
f2= 7.135999999999995
f3= 1.7453939383417139
f1= 40
f2= 10.464000000000006
f3= 2.3677837739117984
f1= 50
f2= 11.488000000000001
f3= 2.7434285119171595
