fonctionobjectif= 3
pourcentage= 10.0
decroissance= 0.02
nbiterstagnant= 100
f1= 30
f2= 6.458333333333333
f3= 1.586619397054981
f1= 30
f2= 5.208333333333333
f3= 1.3501543121683042
f1= 60
f2= 13.125
f3= 3.1868871959954905
