fonctionobjectif= 3
pourcentage= 10.0
decroissance= 0.02
nbiterstagnant= 100
nbiterameliore= 10
f1= 20
f2= 5.183999999999987
f3= 1.2026637102698325
Temps= 0.0315655s
nbiterameliore= 15
f1= 30
f2= 6.559999999999991
f3= 1.5512575543732252
Temps= 0.0454024s
nbiterameliore= 1000
f1= 50
f2= 9.311999999999998
f3= 2.299217258111986
Temps= 0.0314297s
