fonctionobjectif= 3
pourcentage= 10.0
decroissance= 0.02
nbiterstagnant= 100
f1= 50
f2= 9.444444444444457
f3= 2.423601162029881
f1= 30
f2= 6.180555555555571
f3= 1.6579633869879615
f1= 40
f2= 9.375000000000009
f3= 2.423601162029881
