fonctionobjectif= 3
pourcentage= 10.0
decroissance= 0.02
nbiterstagnant= 100
f1= 40
f2= 8.159999999999991
f3= 1.9530488985173924
f1= 40
f2= 7.55199999999998
f3= 2.033322404342213
f1= 40
f2= 8.223999999999988
f3= 2.033322404342213
