fonctionobjectif= 3
pourcentage= 10.0
decroissance= 0.02
nbiterstagnant= 100
nbiterameliore= 10
f1= 80
f2= 9.18400000000001
f3= 2.877776919776792
Temps= 0.0285268s
nbiterameliore= 15
f1= 30
f2= 8.032000000000004
f3= 1.865904606350496
Temps= 0.0544462s
nbiterameliore= 1000
f1= 140
f2= 17.472000000000012
f3= 5.6250866659990235
Temps= 0.0297414s
