fonctionobjectif= 3
pourcentage= 10.0
decroissance= 0.02
nbiterstagnant= 100
nbiterameliore= 10
f1= 40
f2= 8.159999999999991
f3= 1.9530488985173924
Temps= 0.0750506s
nbiterameliore= 15
f1= 40
f2= 7.55199999999998
f3= 2.033322404342213
Temps= 0.0257933s
nbiterameliore= 1000
f1= 40
f2= 10.623999999999988
f3= 2.6484712571594957
Temps= 0.0223271s
