fonctionobjectif= 3
pourcentage= 10.0
decroissance= 0.02
nbiterstagnant= 100
f1= 80
f2= 9.18400000000001
f3= 2.877776919776792
f1= 30
f2= 8.032000000000004
f3= 1.865904606350496
f1= 40
f2= 14.367999999999997
f3= 3.1939943644283404
