fonctionobjectif= 3
pourcentage= 10.0
decroissance= 0.02
nbiterstagnant= 100
nbiterameliore= 10
f1= 50
f2= 8.437500000000009
f3= 2.4280741301454287
Temps= 0.0422045s
nbiterameliore= 15
f1= 40
f2= 6.770833333333343
f3= 1.7657197409848777
Temps= 0.0260326s
nbiterameliore= 1000
f1= 50
f2= 11.111111111111123
f3= 2.82469065825177
Temps= 0.0367961s
