fonctionobjectif= 3
pourcentage= 10.0
decroissance= 0.02
nbiterstagnant= 100
nbiterameliore= 10
f1= 30
f2= 6.943999999999992
f3= 1.7417232845661794
Temps= 0.051853s
nbiterameliore= 15
f1= 30
f2= 6.911999999999994
f3= 1.8312837027615356
Temps= 0.0302146s
nbiterameliore= 1000
f1= 60
f2= 7.77599999999999
f3= 2.365079279855117
Temps= 0.0277751s
