fonctionobjectif= 3
pourcentage= 10.0
decroissance= 0.02
nbiterstagnant= 100
f1= 30
f2= 6.24999999999999
f3= 1.6315750172876013
f1= 20
f2= 4.861111111111096
f3= 1.272937693043289
f1= 60
f2= 11.805555555555552
f3= 3.099432445058527
