fonctionobjectif= 3
pourcentage= 10.0
decroissance= 0.02
nbiterstagnant= 100
nbiterameliore= 10
f1= 40
f2= 7.135999999999995
f3= 1.7453939383417139
Temps= 0.0277447s
nbiterameliore= 15
f1= 40
f2= 10.464000000000006
f3= 2.3677837739117984
Temps= 0.0371357s
nbiterameliore= 1000
f1= 40
f2= 11.488000000000001
f3= 2.5624987804875143
Temps= 0.0319752s
