fonctionobjectif= 3
pourcentage= 10.0
decroissance= 0.02
nbiterstagnant= 100
f1= 40
f2= 8.928000000000003
f3= 2.095328136593407
f1= 30
f2= 8.384000000000006
f3= 1.9365949499056325
f1= 50
f2= 10.752000000000017
f3= 2.868867372326577
