fonctionobjectif= 3
pourcentage= 10.0
decroissance= 0.02
nbiterstagnant= 100
f1= 50
f2= 8.437500000000009
f3= 2.4280741301454287
f1= 40
f2= 6.770833333333343
f3= 1.7657197409848777
f1= 70
f2= 12.256944444444448
f3= 3.116887618430592
