fonctionobjectif= 3
pourcentage= 10.0
decroissance= 0.02
nbiterstagnant= 100
f1= 20
f2= 7.04
f3= 1.6
f1= 30
f2= 7.36
f3= 1.788854381999832
f1= 50
f2= 9.28
f3= 2.33238075793812
