fonctionobjectif= 3
pourcentage= 10.0
decroissance= 0.02
nbiterstagnant= 100
nbiterameliore= 10
f1= 20
f2= 6.388888888888876
f3= 1.6115001924822632
Temps= 0.0528662s
nbiterameliore= 15
f1= 30
f2= 8.12499999999998
f3= 2.16339229075628
Temps= 0.0351938s
nbiterameliore= 1000
f1= 70
f2= 15.416666666666666
f3= 3.840535203347074
Temps= 0.0393672s
