fonctionobjectif= 3
pourcentage= 10.0
decroissance= 0.02
nbiterstagnant= 100
f1= 30
f2= 6.175999999999999
f3= 1.3948476619330157
f1= 50
f2= 9.727999999999998
f3= 2.405327420539665
f1= 50
f2= 13.727999999999998
f3= 3.153664535108324
