fonctionobjectif= 3
pourcentage= 10.0
decroissance= 0.02
nbiterstagnant= 100
nbiterameliore= 10
f1= 30
f2= 6.975999999999999
f3= 1.6079800993793425
Temps= 0.0279914s
nbiterameliore= 15
f1= 30
f2= 7.679999999999995
f3= 1.795995545651492
Temps= 0.0361886s
nbiterameliore= 1000
f1= 30
f2= 8.575999999999999
f3= 1.966112916391121
Temps= 0.0264811s
