fonctionobjectif= 3
pourcentage= 10.0
decroissance= 0.02
nbiterstagnant= 100
f1= 50
f2= 8.448000000000006
f3= 2.2399999999999998
f1= 40
f2= 9.792000000000003
f3= 2.310324652510984
f1= 40
f2= 8.576000000000008
f3= 2.2399999999999998
