fonctionobjectif= 3
pourcentage= 10.0
decroissance= 0.02
nbiterstagnant= 100
nbiterameliore= 10
f1= 50
f2= 7.936000000000012
f3= 2.140654105641544
Temps= 0.0301163s
nbiterameliore= 15
f1= 30
f2= 7.840000000000009
f3= 1.8172506706560874
Temps= 0.0294636s
nbiterameliore= 1000
f1= 50
f2= 12.351999999999999
f3= 2.8464714999451517
Temps= 0.0331157s
