fonctionobjectif= 3
pourcentage= 10.0
decroissance= 0.02
nbiterstagnant= 100
nbiterameliore= 10
f1= 40
f2= 11.072000000000003
f3= 2.658119636133784
Temps= 0.0298763s
nbiterameliore= 15
f1= 20
f2= 5.824000000000001
f3= 1.2749901960407382
Temps= 0.02828s
nbiterameliore= 1000
f1= 60
f2= 12.479999999999995
f3= 3.0505081543900197
Temps= 0.0400684s
