fonctionobjectif= 3
pourcentage= 10.0
decroissance= 0.02
nbiterstagnant= 100
nbiterameliore= 10
f1= 50
f2= 9.44
f3= 2.4
Temps= 0.0317577s
nbiterameliore= 15
f1= 50
f2= 11.2
f3= 2.592296279363144
Temps= 0.0339636s
nbiterameliore= 1000
f1= 30
f2= 8.16
f3= 1.9595917942265424
Temps= 0.0325321s
