fonctionobjectif= 3
pourcentage= 10.0
decroissance= 0.02
nbiterstagnant= 100
nbiterameliore= 10
f1= 30
f2= 4.3478260869565215
f3= 1.5061311370164152
Temps= 0.0361759s
nbiterameliore= 15
f1= 20
f2= 3.4782608695652173
f3= 1.2297509238026914
Temps= 0.0353699s
nbiterameliore= 1000
f1= 40
f2= 11.304347826086957
f3= 2.749806661015982
Temps= 0.0274296s
