fonctionobjectif= 3
pourcentage= 10.0
decroissance= 0.02
nbiterstagnant= 100
nbiterameliore= 10
f1= 40
f2= 7.808000000000002
f3= 1.8863721796082553
Temps= 0.0909691s
nbiterameliore= 15
f1= 50
f2= 9.856000000000012
f3= 2.4735399733984487
Temps= 0.0656095s
nbiterameliore= 1000
f1= 120
f2= 28.51199999999998
f3= 6.907850606375328
Temps= 0.0347191s
