fonctionobjectif= 3
pourcentage= 10.0
decroissance= 0.02
nbiterstagnant= 100
nbiterameliore= 10
f1= 40
f2= 9.759999999999991
f3= 2.299217258111986
Temps= 0.0493636s
nbiterameliore= 15
f1= 60
f2= 11.35999999999999
f3= 2.8576913759186806
Temps= 0.032945s
nbiterameliore= 1000
f1= 70
f2= 13.088000000000001
f3= 3.175909318604673
Temps= 0.0508814s
