fonctionobjectif= 3
pourcentage= 10.0
decroissance= 0.02
nbiterstagnant= 100
nbiterameliore= 10
f1= 20
f2= 7.04
f3= 1.6
Temps= 0.0373248s
nbiterameliore= 15
f1= 30
f2= 7.36
f3= 1.788854381999832
Temps= 0.0480145s
nbiterameliore= 1000
f1= 70
f2= 11.68
f3= 2.939387691339814
Temps= 0.0213757s
