fonctionobjectif= 3
pourcentage= 10.0
decroissance= 0.02
nbiterstagnant= 100
nbiterameliore= 10
f1= 20
f2= 4.896000000000012
f3= 1.0910545357588683
Temps= 0.0442695s
nbiterameliore= 15
f1= 30
f2= 9.728000000000002
f3= 2.1703455946000854
Temps= 0.0403506s
nbiterameliore= 1000
f1= 70
f2= 14.240000000000009
f3= 3.609764535257113
Temps= 0.0353365s
