fonctionobjectif= 3
pourcentage= 10.0
decroissance= 0.02
nbiterstagnant= 100
nbiterameliore= 10
f1= 30
f2= 7.424000000000006
f3= 1.7083325203250095
Temps= 0.0372719s
nbiterameliore= 15
f1= 30
f2= 5.791999999999998
f3= 1.2799999999999998
Temps= 0.0308564s
nbiterameliore= 1000
f1= 70
f2= 11.424000000000005
f3= 3.1045772659091613
Temps= 0.0395489s
