fonctionobjectif= 3
pourcentage= 10.0
decroissance= 0.02
nbiterstagnant= 100
f1= 50
f2= 7.936000000000012
f3= 2.140654105641544
f1= 30
f2= 7.840000000000009
f3= 1.8172506706560874
f1= 40
f2= 10.144000000000005
f3= 2.3542302351299456
