fonctionobjectif= 3
pourcentage= 10.0
decroissance= 0.02
nbiterstagnant= 100
nbiterameliore= 10
f1= 40
f2= 8.928000000000003
f3= 2.095328136593407
Temps= 0.0495736s
nbiterameliore= 15
f1= 30
f2= 8.384000000000006
f3= 1.9365949499056325
Temps= 0.030829s
nbiterameliore= 1000
f1= 40
f2= 10.271999999999998
f3= 2.4475293665245363
Temps= 0.0266658s
