fonctionobjectif= 3
pourcentage= 10.0
decroissance= 0.02
nbiterstagnant= 100
f1= 20
f2= 6.388888888888876
f3= 1.6115001924822632
f1= 30
f2= 8.12499999999998
f3= 2.16339229075628
f1= 60
f2= 8.958333333333314
f3= 2.730941958643845
