fonctionobjectif= 3
pourcentage= 10.0
decroissance= 0.02
nbiterstagnant= 100
f1= 20
f2= 4.896000000000012
f3= 1.0910545357588683
f1= 30
f2= 9.728000000000002
f3= 2.1703455946000854
f1= 30
f2= 7.840000000000009
f3= 1.8521339044464358
