fonctionobjectif= 3
pourcentage= 10.0
decroissance= 0.02
nbiterstagnant= 100
nbiterameliore= 10
f1= 20
f2= 4.70400000000001
f3= 1.2237646832622682
Temps= 0.0361024s
nbiterameliore= 15
f1= 30
f2= 6.848000000000006
f3= 1.6666133324799721
Temps= 0.047121s
nbiterameliore= 1000
f1= 50
f2= 8.032000000000012
f3= 2.310324652510984
Temps= 0.0276521s
