fonctionobjectif= 3
pourcentage= 10.0
decroissance= 0.02
nbiterstagnant= 100
nbiterameliore= 10
f1= 40
f2= 10.047999999999996
f3= 2.431789464571306
Temps= 0.0292411s
nbiterameliore= 15
f1= 40
f2= 6.239999999999986
f3= 1.91666376811375
Temps= 0.0241173s
nbiterameliore= 1000
f1= 40
f2= 10.847999999999997
f3= 2.5599999999999996
Temps= 0.020849s
