fonctionobjectif= 3
pourcentage= 10.0
decroissance= 0.02
nbiterstagnant= 100
nbiterameliore= 10
f1= 20
f2= 6.911999999999994
f3= 1.6473008225579204
Temps= 0.0373758s
nbiterameliore= 15
f1= 50
f2= 8.57599999999999
f3= 2.365079279855117
Temps= 0.0369329s
nbiterameliore= 1000
f1= 70
f2= 11.679999999999996
f3= 2.9654004788561026
Temps= 0.0288987s
