fonctionobjectif= 3
pourcentage= 10.0
decroissance= 0.02
nbiterstagnant= 100
nbiterameliore= 10
f1= 30
f2= 6.24999999999999
f3= 1.6315750172876013
Temps= 0.0272455s
nbiterameliore= 15
f1= 20
f2= 4.861111111111096
f3= 1.272937693043289
Temps= 0.0365458s
nbiterameliore= 1000
f1= 50
f2= 10.0
f3= 2.545875386086578
Temps= 0.0235303s
