fonctionobjectif= 3
pourcentage= 10.0
decroissance= 0.02
nbiterstagnant= 100
f1= 30
f2= 7.584000000000006
f3= 1.763632614803888
f1= 40
f2= 8.896000000000013
f3= 2.1703455946000854
f1= 40
f2= 10.271999999999998
f3= 2.3130931671681534
