fonctionobjectif= 3
pourcentage= 10.0
decroissance= 0.02
nbiterstagnant= 100
nbiterameliore= 10
f1= 30
f2= 6.285338593030899
f3= 1.1393271640857965
Temps= 0.0635394s
nbiterameliore= 15
f1= 40
f2= 6.535174227481921
f3= 1.2494203716897196
Temps= 0.0734661s
nbiterameliore= 1000
f1= 40
f2= 9.612097304404998
f3= 1.8444363403977195
Temps= 0.0395113s
