fonctionobjectif= 3
pourcentage= 10.0
decroissance= 0.02
nbiterstagnant= 100
nbiterameliore= 10
f1= 40
f2= 7.7375
f3= 1.474258288089302
Temps= 0.0912407s
nbiterameliore= 15
f1= 40
f2= 7.725
f3= 1.5567393808855738
Temps= 0.0548709s
nbiterameliore= 1000
f1= 50
f2= 9.075
f3= 1.7459775199011012
Temps= 0.0532026s
