fonctionobjectif= 3
pourcentage= 10.0
decroissance= 0.02
nbiterstagnant= 100
nbiterameliore= 10
f1= 60
f2= 12.9125
f3= 2.459357131447159
Temps= 0.1388029s
nbiterameliore= 15
f1= 40
f2= 8.075
f3= 1.5160598602957602
Temps= 0.0819348s
nbiterameliore= 1000
f1= 40
f2= 9.4125
f3= 1.7814144660914821
Temps= 0.0743121s
