fonctionobjectif= 3
pourcentage= 10.0
decroissance= 0.02
nbiterstagnant= 100
nbiterameliore= 10
f1= 90
f2= 25.483234714003924
f3= 4.8309649299896815
Temps= 0.0892372s
nbiterameliore= 15
f1= 190
f2= 42.26166995397763
f3= 8.607804811919383
Temps= 0.0567551s
nbiterameliore= 1000
f1= 170
f2= 37.64628533859301
f3= 7.453446837205804
Temps= 0.031963s
