fonctionobjectif= 3
pourcentage= 10.0
decroissance= 0.02
nbiterstagnant= 100
nbiterameliore= 10
f1= 40
f2= 8.125
f3= 1.618255233268226
Temps= 0.0951244s
nbiterameliore= 15
f1= 30
f2= 6.175
f3= 1.3205112646244257
Temps= 0.0768892s
nbiterameliore= 1000
f1= 70
f2= 10.1
f3= 2.0901554966078484
Temps= 0.0725106s
