fonctionobjectif= 3
pourcentage= 10.0
decroissance= 0.02
nbiterstagnant= 100
nbiterameliore= 10
f1= 20
f2= 4.917817225509528
f3= 1.0370827934698055
Temps= 0.0666819s
nbiterameliore= 15
f1= 30
f2= 6.324786324786321
f3= 1.265507991776473
Temps= 0.0577015s
nbiterameliore= 1000
f1= 50
f2= 9.335963182117025
f3= 1.8553718295362194
Temps= 0.045246s
