fonctionobjectif= 3
pourcentage= 10.0
decroissance= 0.02
nbiterstagnant= 100
f1= 40
f2= 7.7375
f3= 1.474258288089302
f1= 40
f2= 7.725
f3= 1.5567393808855738
f1= 70
f2= 10.925
f3= 2.3018335083146217
