fonctionobjectif= 3
pourcentage= 10.0
decroissance= 0.02
nbiterstagnant= 100
f1= 50
f2= 8.102493074792248
f3= 1.6517164924214232
f1= 40
f2= 8.213296398891963
f3= 1.5656177889534924
f1= 50
f2= 10.789473684210526
f3= 2.095284523121567
