fonctionobjectif= 3
pourcentage= 10.0
decroissance= 0.02
nbiterstagnant= 100
nbiterameliore= 10
f1= 40
f2= 7.9
f3= 1.49164338901763
Temps= 0.0957033s
nbiterameliore= 15
f1= 30
f2= 7.9
f3= 1.4491376746189437
Temps= 0.0761252s
nbiterameliore= 1000
f1= 40
f2= 9.3
f3= 1.724818831066034
Temps= 0.0686159s
