fonctionobjectif= 3
pourcentage= 10.0
decroissance= 0.02
nbiterstagnant= 100
nbiterameliore= 10
f1= 110
f2= 11.75
f3= 2.9130632502573643
Temps= 0.064032s
nbiterameliore= 15
f1= 40
f2= 8.1
f3= 1.5766856059468546
Temps= 0.08005s
nbiterameliore= 1000
f1= 70
f2= 12.5375
f3= 2.4720310475396543
Temps= 0.0480017s
