fonctionobjectif= 3
pourcentage= 10.0
decroissance= 0.02
nbiterstagnant= 100
nbiterameliore= 10
f1= 20
f2= 3.8781163434903014
f3= 0.9401463718307592
Temps= 0.0846082s
nbiterameliore= 15
f1= 40
f2= 8.324099722991688
f3= 1.6384227833764518
Temps= 0.084014s
nbiterameliore= 1000
f1= 60
f2= 8.933518005540165
f3= 1.9115329719781493
Temps= 0.1060021s
