fonctionobjectif= 3
pourcentage= 10.0
decroissance= 0.02
nbiterstagnant= 100
nbiterameliore= 10
f1= 30
f2= 6.35
f3= 1.2741418680822005
Temps= 0.0892422s
nbiterameliore= 15
f1= 30
f2= 5.85
f3= 1.171937498333422
Temps= 0.0827963s
nbiterameliore= 1000
f1= 60
f2= 8.7125
f3= 1.8366919992203374
Temps= 0.0700279s
