fonctionobjectif= 3
pourcentage= 10.0
decroissance= 0.02
nbiterstagnant= 100
nbiterameliore= 10
f1= 50
f2= 8.7
f3= 1.7748239349298849
Temps= 0.0670152s
nbiterameliore= 15
f1= 40
f2= 8.3
f3= 1.5491933384829668
Temps= 0.0776766s
nbiterameliore= 1000
f1= 70
f2= 9.7
f3= 2.0371548787463363
Temps= 0.0509942s
