fonctionobjectif= 3
pourcentage= 10.0
decroissance= 0.02
nbiterstagnant= 100
nbiterameliore= 10
f1= 50
f2= 9.8
f3= 1.8774983355518586
Temps= 0.0887627s
nbiterameliore= 15
f1= 30
f2= 7.35
f3= 1.378404875209022
Temps= 0.065863s
nbiterameliore= 1000
f1= 70
f2= 9.45
f3= 2.0062402647738877
Temps= 0.0526532s
