fonctionobjectif= 3
pourcentage= 10.0
decroissance= 0.02
nbiterstagnant= 100
f1= 50
f2= 8.55955678670359
f3= 1.8212111438865914
f1= 40
f2= 6.50969529085871
f3= 1.4388442009108642
f1= 60
f2= 10.581717451523541
f3= 2.2621591560359335
