fonctionobjectif= 3
pourcentage= 10.0
decroissance= 0.02
nbiterstagnant= 100
f1= 90
f2= 25.483234714003924
f3= 4.8309649299896815
f1= 190
f2= 42.26166995397763
f3= 8.607804811919383
f1= 170
f2= 37.64628533859301
f3= 7.453446837205804
