fonctionobjectif= 3
pourcentage= 10.0
decroissance= 0.02
nbiterstagnant= 100
nbiterameliore= 10
f1= 30
f2= 5.9
f3= 1.1291589790636214
Temps= 0.1098688s
nbiterameliore= 15
f1= 30
f2= 7.25
f3= 1.378404875209022
Temps= 0.1709594s
nbiterameliore= 1000
f1= 80
f2= 9.6
f3= 2.127204738618265
Temps= 0.1259281s
