fonctionobjectif= 3
pourcentage= 10.0
decroissance= 0.02
nbiterstagnant= 100
f1= 30
f2= 7.036011080332418
f3= 1.33708528335491
f1= 30
f2= 5.692520775623291
f3= 1.1714455128559411
f1= 50
f2= 7.645429362880907
f3= 1.6182774748825377
