fonctionobjectif= 3
pourcentage= 10.0
decroissance= 0.02
nbiterstagnant= 100
f1= 110
f2= 26.3875
f3= 5.237932559703303
f1= 30
f2= 3.9125
f3= 1.030018203722633
f1= 50
f2= 7.8375
f3= 1.6765850709105101
