fonctionobjectif= 3
pourcentage= 10.0
decroissance= 0.02
nbiterstagnant= 100
f1= 30
f2= 7.4375
f3= 1.3549677117924248
f1= 50
f2= 9.5625
f3= 1.7566836653193996
f1= 40
f2= 8.625
f3= 1.6080850412835759
