fonctionobjectif= 3
pourcentage= 10.0
decroissance= 0.02
nbiterstagnant= 100
nbiterameliore= 10
f1= 50
f2= 8.8
f3= 1.7392527130926088
Temps= 0.1125349s
nbiterameliore= 15
f1= 30
f2= 5.8
f3= 1.1832159566199232
Temps= 0.0787289s
nbiterameliore= 1000
f1= 60
f2= 10.2
f3= 2.0371548787463363
Temps= 0.0659507s
