fonctionobjectif= 3
pourcentage= 10.0
decroissance= 0.02
nbiterstagnant= 100
f1= 40
f2= 7.85
f3= 1.5491933384829668
f1= 50
f2= 9.8
f3= 1.9748417658131499
f1= 80
f2= 8.25
f3= 1.9104973174542799
