fonctionobjectif= 3
pourcentage= 10.0
decroissance= 0.02
nbiterstagnant= 100
f1= 20
f2= 4.917817225509528
f3= 1.0370827934698055
f1= 30
f2= 6.324786324786321
f3= 1.265507991776473
f1= 50
f2= 9.914529914529911
f3= 1.9249388312894702
