fonctionobjectif= 3
pourcentage= 10.0
decroissance= 0.02
nbiterstagnant= 100
f1= 40
f2= 7.35
f3= 1.560749018900861
f1= 20
f2= 6.825
f3= 1.298436559867289
f1= 40
f2= 5.3625
f3= 1.298436559867289
