fonctionobjectif= 3
pourcentage= 10.0
decroissance= 0.02
nbiterstagnant= 100
nbiterameliore= 10
f1= 50
f2= 8.55955678670359
f3= 1.8212111438865914
Temps= 0.0559786s
nbiterameliore= 15
f1= 40
f2= 6.50969529085871
f3= 1.4388442009108642
Temps= 0.0785494s
nbiterameliore= 1000
f1= 50
f2= 8.060941828254835
f3= 1.782780377806547
Temps= 0.0378725s
