fonctionobjectif= 3
pourcentage= 10.0
decroissance= 0.02
nbiterstagnant= 100
nbiterameliore= 10
f1= 40
f2= 7.35
f3= 1.560749018900861
Temps= 0.2310023s
nbiterameliore= 15
f1= 20
f2= 6.825
f3= 1.298436559867289
Temps= 0.1154917s
nbiterameliore= 1000
f1= 40
f2= 5.8625
f3= 1.298436559867289
Temps= 0.1111591s
