fonctionobjectif= 3
pourcentage= 10.0
decroissance= 0.02
nbiterstagnant= 100
nbiterameliore= 10
f1= 30
f2= 5.5
f3= 1.2144957801491119
Temps= 0.0775747s
nbiterameliore= 15
f1= 30
f2= 6.3
f3= 1.3601470508735445
Temps= 0.0898619s
nbiterameliore= 1000
f1= 50
f2= 8.4
f3= 1.795828499606797
Temps= 0.0689191s
