fonctionobjectif= 3
pourcentage= 10.0
decroissance= 0.02
nbiterstagnant= 100
nbiterameliore= 10
f1= 30
f2= 6.288088642659276
f3= 1.1830557619979292
Temps= 0.1060954s
nbiterameliore= 15
f1= 60
f2= 11.745152354570635
f3= 2.297332644500314
Temps= 0.1078049s
nbiterameliore= 1000
f1= 50
f2= 10.138504155124648
f3= 1.9729915682131713
Temps= 0.0634614s
