fonctionobjectif= 3
pourcentage= 10.0
decroissance= 0.02
nbiterstagnant= 100
nbiterameliore= 10
f1= 30
f2= 7.4375
f3= 1.3549677117924248
Temps= 0.0822106s
nbiterameliore= 15
f1= 50
f2= 9.5625
f3= 1.7566836653193996
Temps= 0.0731226s
nbiterameliore= 1000
f1= 60
f2= 10.6875
f3= 2.170469419273167
Temps= 0.0568755s
