fonctionobjectif= 3
pourcentage= 10.0
decroissance= 0.02
nbiterstagnant= 100
nbiterameliore= 10
f1= 40
f2= 7.742878013148276
f3= 1.5455750524352432
Temps= 0.0643114s
nbiterameliore= 15
f1= 50
f2= 8.078889700511317
f3= 1.681391791541161
Temps= 0.061156s
nbiterameliore= 1000
f1= 60
f2= 9.70051132213294
f3= 1.998953391285908
Temps= 0.0448016s
