fonctionobjectif= 3
pourcentage= 10.0
decroissance= 0.02
nbiterstagnant= 100
nbiterameliore= 10
f1= 110
f2= 26.3875
f3= 5.237932559703303
Temps= 0.111757s
nbiterameliore= 15
f1= 30
f2= 3.9125
f3= 1.030018203722633
Temps= 0.1097128s
nbiterameliore= 1000
f1= 60
f2= 9.85
f3= 2.1061665413732125
Temps= 0.0638021s
