fonctionobjectif= 3
pourcentage= 10.0
decroissance= 0.02
nbiterstagnant= 100
f1= 60
f2= 12.9125
f3= 2.459357131447159
f1= 40
f2= 8.075
f3= 1.5160598602957602
f1= 70
f2= 9.4125
f3= 1.948958054961676
