fonctionobjectif= 3
pourcentage= 10.0
decroissance= 0.02
nbiterstagnant= 100
nbiterameliore= 10
f1= 40
f2= 7.525
f3= 1.5227442332841061
Temps= 0.0598918s
nbiterameliore= 15
f1= 30
f2= 6.175
f3= 1.301441508482037
Temps= 0.0650118s
nbiterameliore= 1000
f1= 60
f2= 11.225
f3= 2.251388460483885
Temps= 0.0377813s
