fonctionobjectif= 3
pourcentage= 10.0
decroissance= 0.02
nbiterstagnant= 100
f1= 60
f2= 7.113740959894792
f3= 1.6535925782494876
f1= 40
f2= 7.521367521367511
f3= 1.5296702576985497
f1= 60
f2= 8.652202498356331
f3= 2.01228546848832
