fonctionobjectif= 3
pourcentage= 10.0
decroissance= 0.02
nbiterstagnant= 100
f1= 20
f2= 3.8781163434903014
f3= 0.9401463718307592
f1= 40
f2= 8.324099722991688
f3= 1.6384227833764518
f1= 40
f2= 9.903047091412741
f3= 1.9115329719781489
