fonctionobjectif= 3
pourcentage= 10.0
decroissance= 0.02
nbiterstagnant= 100
nbiterameliore= 10
f1= 30
f2= 4.825
f3= 1.2221906561580318
Temps= 0.064805s
nbiterameliore= 15
f1= 30
f2= 5.25
f3= 1.169935895679759
Temps= 0.074389s
nbiterameliore= 1000
f1= 40
f2= 9.15
f3= 1.8010413654327877
Temps= 0.0458705s
