fonctionobjectif= 3
pourcentage= 10.0
decroissance= 0.02
nbiterstagnant= 100
nbiterameliore= 10
f1= 50
f2= 8.102493074792248
f3= 1.6517164924214232
Temps= 0.0756912s
nbiterameliore= 15
f1= 40
f2= 8.213296398891963
f3= 1.5656177889534924
Temps= 0.0670742s
nbiterameliore= 1000
f1= 30
f2= 8.157894736842104
f3= 1.5207415644885125
Temps= 0.0754853s
