fonctionobjectif= 3
pourcentage= 10.0
decroissance= 0.02
nbiterstagnant= 100
f1= 30
f2= 6.285338593030899
f3= 1.1393271640857965
f1= 40
f2= 6.535174227481921
f3= 1.2494203716897196
f1= 50
f2= 8.586456278763972
f3= 1.6958701769418394
