fonctionobjectif= 3
pourcentage= 10.0
decroissance= 0.02
nbiterstagnant= 100
nbiterameliore= 10
f1= 50
f2= 7.0
f3= 1.5890248582070705
Temps= 0.0766909s
nbiterameliore= 15
f1= 90
f2= 15.2
f3= 2.962262648719725
Temps= 0.0838819s
nbiterameliore= 1000
f1= 80
f2= 8.2
f3= 2.0062402647738877
Temps= 0.0566435s
