fonctionobjectif= 3
pourcentage= 10.0
decroissance= 0.02
nbiterstagnant= 100
nbiterameliore= 10
f1= 30
f2= 7.036011080332418
f3= 1.33708528335491
Temps= 0.0666465s
nbiterameliore= 15
f1= 30
f2= 5.692520775623291
f3= 1.1714455128559411
Temps= 0.0984703s
nbiterameliore= 1000
f1= 50
f2= 9.362880886426595
f3= 1.8197095266375543
Temps= 0.0447553s
