fonctionobjectif= 3
pourcentage= 10.0
decroissance= 0.02
nbiterstagnant= 100
nbiterameliore= 10
f1= 40
f2= 7.5
f3= 1.4657549249448218
Temps= 0.0711894s
nbiterameliore= 15
f1= 20
f2= 6.5625
f3= 1.2342761036332186
Temps= 0.0636478s
nbiterameliore= 1000
f1= 60
f2= 9.5625
f3= 1.9100883487420155
Temps= 0.0489835s
