fonctionobjectif= 3
pourcentage= 10.0
decroissance= 0.02
nbiterstagnant= 100
f1= 40
f2= 7.742878013148276
f3= 1.5455750524352432
f1= 50
f2= 8.078889700511317
f3= 1.681391791541161
f1= 70
f2= 10.109569028487938
f3= 2.1739997356147684
