fonctionobjectif= 3
pourcentage= 10.0
decroissance= 0.02
nbiterstagnant= 100
nbiterameliore= 10
f1= 40
f2= 7.85
f3= 1.5491933384829668
Temps= 0.0623674s
nbiterameliore= 15
f1= 50
f2= 9.8
f3= 1.9748417658131499
Temps= 0.0541703s
nbiterameliore= 1000
f1= 60
f2= 11.95
f3= 2.2967368155711703
Temps= 0.0429758s
