fonctionobjectif= 3
pourcentage= 10.0
decroissance= 0.02
nbiterstagnant= 100
nbiterameliore= 10
f1= 60
f2= 7.113740959894792
f3= 1.6535925782494876
Temps= 0.0731871s
nbiterameliore= 15
f1= 40
f2= 7.521367521367511
f3= 1.5296702576985497
Temps= 0.0826399s
nbiterameliore= 1000
f1= 70
f2= 9.467455621301768
f3= 2.0766024378919403
Temps= 0.0676127s
