fonctionobjectif= 3
pourcentage= 10.0
decroissance= 0.02
nbiterstagnant= 100
f1= 30
f2= 6.288088642659276
f3= 1.1830557619979292
f1= 60
f2= 11.745152354570635
f3= 2.297332644500314
f1= 60
f2= 11.385041551246536
f3= 2.2669876762704626
