fonctionobjectif= 3
pourcentage= 10.0
decroissance= 0.02
nbiterstagnant= 100
f1= 40
f2= 5.654174884944128
f3= 1.3009779799743053
f1= 20
f2= 4.6285338593031025
f3= 0.950573021534665
f1= 50
f2= 10.085470085470096
f3= 2.079036432598756
