fonctionobjectif= 3
pourcentage= 10.0
decroissance= 0.02
nbiterstagnant= 100
f1= 40
f2= 6.706114398422088
f3= 1.5029879151789134
f1= 50
f2= 6.009204470742927
f3= 1.458588438864476
f1= 30
f2= 8.178829717291254
f3= 1.5029879151789132
