fonctionobjectif= 3
pourcentage= 10.0
decroissance= 0.02
nbiterstagnant= 100
nbiterameliore= 10
f1= 30
f2= 5.6
f3= 0.992943855411775
Temps= 0.0941879s
nbiterameliore= 15
f1= 30
f2= 6.3875
f3= 1.1665922595320097
Temps= 0.0902825s
nbiterameliore= 1000
f1= 80
f2= 11.5375
f3= 2.420937318478114
Temps= 0.0729559s
