fonctionobjectif= 3
pourcentage= 10.0
decroissance= 0.02
nbiterstagnant= 100
nbiterameliore= 10
f1= 40
f2= 7.325
f3= 1.5201767989283352
Temps= 0.0819055s
nbiterameliore= 15
f1= 20
f2= 4.3875
f3= 1.030018203722633
Temps= 0.0667688s
nbiterameliore= 1000
f1= 60
f2= 10.825
f3= 2.2216969865397935
Temps= 0.0585572s
