fonctionobjectif= 3
pourcentage= 10.0
decroissance= 0.02
nbiterstagnant= 100
f1= 30
f2= 3.975
f3= 0.9714679613862724
f1= 40
f2= 7.025
f3= 1.4383149863642526
f1= 90
f2= 10.65
f3= 2.3331845190640195
