fonctionobjectif= 3
pourcentage= 10.0
decroissance= 0.02
nbiterstagnant= 100
nbiterameliore= 10
f1= 30
f2= 5.25
f3= 1.1483684077855851
Temps= 0.149113s
nbiterameliore= 15
f1= 40
f2= 7.45
f3= 1.4811313243598625
Temps= 0.1083622s
nbiterameliore= 1000
f1= 50
f2= 10.575
f3= 2.0478647416272393
Temps= 0.1176337s
