fonctionobjectif= 3
pourcentage= 10.0
decroissance= 0.02
nbiterstagnant= 100
f1= 30
f2= 8.375
f3= 1.6105123408406405
f1= 40
f2= 6.875
f3= 1.403121520040228
f1= 60
f2= 8.875
f3= 1.8624580532189174
