fonctionobjectif= 3
pourcentage= 10.0
decroissance= 0.02
nbiterstagnant= 100
f1= 30
f2= 5.811965811965829
f3= 1.1569466707159102
f1= 40
f2= 7.547666009204479
f3= 1.458588438864476
f1= 40
f2= 7.034845496383967
f3= 1.4127943214793732
