fonctionobjectif= 3
pourcentage= 10.0
decroissance= 0.02
nbiterstagnant= 100
f1= 30
f2= 7.894736842105263
f3= 1.4714070257306737
f1= 40
f2= 6.980609418282549
f3= 1.3740561579208763
f1= 50
f2= 7.9501385041551265
f3= 1.690431723256771
