fonctionobjectif= 3
pourcentage= 10.0
decroissance= 0.02
nbiterstagnant= 100
nbiterameliore= 10
f1= 40
f2= 7.3875
f3= 1.409232947386627
Temps= 0.0954146s
nbiterameliore= 15
f1= 20
f2= 5.525
f3= 0.992943855411775
Temps= 0.0738171s
nbiterameliore= 1000
f1= 50
f2= 8.0375
f3= 1.5365342495369245
Temps= 0.05356s
