fonctionobjectif= 3
pourcentage= 10.0
decroissance= 0.02
nbiterstagnant= 100
f1= 40
f2= 8.3
f3= 1.6278820596099706
f1= 60
f2= 9.2
f3= 1.942935922772545
f1= 90
f2= 10.2
f3= 2.2967368155711703
