fonctionobjectif= 3
pourcentage= 10.0
decroissance= 0.02
nbiterstagnant= 100
nbiterameliore= 10
f1= 30
f2= 5.288531775018288
f3= 1.2954089007281375
Temps= 0.0690585s
nbiterameliore= 15
f1= 30
f2= 8.487947406866345
f3= 1.7300036306149909
Temps= 0.0715747s
nbiterameliore= 1000
f1= 70
f2= 10.065741417092779
f3= 2.2118112613268197
Temps= 0.0526015s
