fonctionobjectif= 3
pourcentage= 10.0
decroissance= 0.02
nbiterstagnant= 100
nbiterameliore= 10
f1= 30
f2= 5.8125
f3= 1.2342761036332186
Temps= 0.0720875s
nbiterameliore= 15
f1= 40
f2= 6.875
f3= 1.5077922602268523
Temps= 0.0617494s
nbiterameliore= 1000
f1= 70
f2= 9.4375
f3= 1.974446124866414
Temps= 0.0752434s
