fonctionobjectif= 3
pourcentage= 10.0
decroissance= 0.02
nbiterstagnant= 100
f1= 40
f2= 7.325
f3= 1.5201767989283352
f1= 20
f2= 4.3875
f3= 1.030018203722633
f1= 70
f2= 8.3875
f3= 2.0459563778340923
