fonctionobjectif= 3
pourcentage= 10.0
decroissance= 0.02
nbiterstagnant= 100
f1= 30
f2= 5.25
f3= 1.1483684077855851
f1= 40
f2= 7.45
f3= 1.4811313243598625
f1= 70
f2= 9.525
f3= 2.078160244062041
