fonctionobjectif= 3
pourcentage= 10.0
decroissance= 0.02
nbiterstagnant= 100
nbiterameliore= 10
f1= 40
f2= 6.706114398422088
f3= 1.5029879151789134
Temps= 0.0745248s
nbiterameliore= 15
f1= 50
f2= 6.009204470742927
f3= 1.458588438864476
Temps= 0.0596274s
nbiterameliore= 1000
f1= 50
f2= 9.585798816568046
f3= 1.9249388312894702
Temps= 0.0612905s
