fonctionobjectif= 3
pourcentage= 10.0
decroissance= 0.02
nbiterstagnant= 100
nbiterameliore= 10
f1= 40
f2= 6.9625
f3= 1.322284954160789
Temps= 0.1204657s
nbiterameliore= 15
f1= 30
f2= 5.725
f3= 0.9992184445855671
Temps= 0.0831418s
nbiterameliore= 1000
f1= 50
f2= 10.5125
f3= 1.936088195305162
Temps= 0.062533s
