fonctionobjectif= 3
pourcentage= 10.0
decroissance= 0.02
nbiterstagnant= 100
nbiterameliore= 10
f1= 30
f2= 8.375
f3= 1.6105123408406405
Temps= 0.0981791s
nbiterameliore= 15
f1= 40
f2= 6.875
f3= 1.403121520040228
Temps= 0.0872401s
nbiterameliore= 1000
f1= 80
f2= 11.125
f3= 2.2844583603121333
Temps= 0.0649847s
