fonctionobjectif= 3
pourcentage= 10.0
decroissance= 0.02
nbiterstagnant= 100
nbiterameliore= 10
f1= 30
f2= 6.275
f3= 1.1173349990043273
Temps= 0.1537821s
nbiterameliore= 15
f1= 60
f2= 15.5625
f3= 2.82815089767148
Temps= 0.1442374s
nbiterameliore= 1000
f1= 50
f2= 9.5125
f3= 1.8704110510794145
Temps= 0.0950375s
