fonctionobjectif= 3
pourcentage= 10.0
decroissance= 0.02
nbiterstagnant= 100
f1= 20
f2= 5.95
f3= 1.1483684077855851
f1= 40
f2= 6.875
f3= 1.3486103959261178
f1= 50
f2= 12.3
f3= 2.3331845190640195
