fonctionobjectif= 3
pourcentage= 10.0
decroissance= 0.02
nbiterstagnant= 100
nbiterameliore= 10
f1= 60
f2= 9.480604865220249
f3= 1.882432643145218
Temps= 0.0555024s
nbiterameliore= 15
f1= 50
f2= 9.480604865220249
f3= 1.8471762820028697
Temps= 0.0614914s
nbiterameliore= 1000
f1= 80
f2= 10.650887573964496
f3= 2.3764325538366626
Temps= 0.046249s
