fonctionobjectif= 3
pourcentage= 10.0
decroissance= 0.02
nbiterstagnant= 100
nbiterameliore= 10
f1= 30
f2= 3.975
f3= 0.9714679613862724
Temps= 0.078275s
nbiterameliore= 15
f1= 40
f2= 7.025
f3= 1.4383149863642526
Temps= 0.0990152s
nbiterameliore= 1000
f1= 70
f2= 9.875
f3= 2.1665064043293296
Temps= 0.0624077s
