fonctionobjectif= 3
pourcentage= 10.0
decroissance= 0.02
nbiterstagnant= 100
nbiterameliore= 10
f1= 30
f2= 7.894736842105263
f3= 1.4714070257306737
Temps= 0.0952572s
nbiterameliore= 15
f1= 40
f2= 6.980609418282549
f3= 1.3740561579208763
Temps= 0.0820573s
nbiterameliore= 1000
f1= 60
f2= 9.390581717451525
f3= 1.9562945833553376
Temps= 0.0563152s
