fonctionobjectif= 3
pourcentage= 10.0
decroissance= 0.02
nbiterstagnant= 100
f1= 20
f2= 5.207100591715953
f3= 1.1108582122547317
f1= 30
f2= 7.573964497041411
f3= 1.5119343508273608
f1= 50
f2= 9.230769230769214
f3= 1.9319322742384035
