fonctionobjectif= 3
pourcentage= 10.0
decroissance= 0.02
nbiterstagnant= 100
nbiterameliore= 10
f1= 40
f2= 8.3
f3= 1.6278820596099706
Temps= 0.1157695s
nbiterameliore= 15
f1= 60
f2= 9.2
f3= 1.942935922772545
Temps= 0.094035s
nbiterameliore= 1000
f1= 60
f2= 10.2
f3= 2.127204738618265
Temps= 0.0694926s
