fonctionobjectif= 3
pourcentage= 10.0
decroissance= 0.02
nbiterstagnant= 100
nbiterameliore= 10
f1= 30
f2= 7.4
f3= 1.3601470508735445
Temps= 0.0600569s
nbiterameliore= 15
f1= 40
f2= 7.0
f3= 1.3133925536563698
Temps= 0.0657529s
nbiterameliore= 1000
f1= 80
f2= 9.5
f3= 2.173706511928416
Temps= 0.0553139s
