fonctionobjectif= 3
pourcentage= 10.0
decroissance= 0.02
nbiterstagnant= 100
nbiterameliore= 10
f1= 20
f2= 5.207100591715953
f3= 1.1108582122547317
Temps= 0.0831599s
nbiterameliore= 15
f1= 30
f2= 7.573964497041411
f3= 1.5119343508273608
Temps= 0.0786486s
nbiterameliore= 1000
f1= 60
f2= 9.309664694280055
f3= 2.095190804716292
Temps= 0.0702945s
