fonctionobjectif= 3
pourcentage= 10.0
decroissance= 0.02
nbiterstagnant= 100
nbiterameliore= 10
f1= 30
f2= 5.45
f3= 1.111727259717958
Temps= 0.0780666s
nbiterameliore= 15
f1= 50
f2= 5.625
f3= 1.3175498093051359
Temps= 0.0770902s
nbiterameliore= 1000
f1= 70
f2= 9.275
f3= 1.9964812796517777
Temps= 0.0636521s
