fonctionobjectif= 3
pourcentage= 10.0
decroissance= 0.02
nbiterstagnant= 100
nbiterameliore= 10
f1= 30
f2= 6.5625
f3= 1.3317047345414073
Temps= 0.0717084s
nbiterameliore= 15
f1= 40
f2= 7.5
f3= 1.5077922602268523
Temps= 0.0564752s
nbiterameliore= 1000
f1= 70
f2= 8.6875
f3= 1.974446124866414
Temps= 0.0445772s
