fonctionobjectif= 3
pourcentage= 10.0
decroissance= 0.02
nbiterstagnant= 100
nbiterameliore= 10
f1= 30
f2= 5.811965811965829
f3= 1.1569466707159102
Temps= 0.1128721s
nbiterameliore= 15
f1= 40
f2= 7.547666009204479
f3= 1.458588438864476
Temps= 0.1030731s
nbiterameliore= 1000
f1= 50
f2= 9.296515450361618
f3= 1.9249388312894706
Temps= 0.101001s
