fonctionobjectif= 3
pourcentage= 10.0
decroissance= 0.02
nbiterstagnant= 100
nbiterameliore= 10
f1= 40
f2= 5.654174884944128
f3= 1.3009779799743053
Temps= 0.0793968s
nbiterameliore= 15
f1= 20
f2= 4.6285338593031025
f3= 0.950573021534665
Temps= 0.1019495s
nbiterameliore= 1000
f1= 50
f2= 9.388560157790934
f3= 1.9144007658139992
Temps= 0.0529124s
