fonctionobjectif= 3
pourcentage= 10.0
decroissance= 0.02
nbiterstagnant= 100
f1= 30
f2= 5.8125
f3= 1.2342761036332186
f1= 40
f2= 6.875
f3= 1.5077922602268523
f1= 50
f2= 7.5625
f3= 1.5486889616704835
