fonctionobjectif= 3
pourcentage= 10.0
decroissance= 0.02
nbiterstagnant= 100
nbiterameliore= 10
f1= 30
f2= 4.95
f3= 1.1067971810589328
Temps= 0.0880422s
nbiterameliore= 15
f1= 30
f2= 4.95
f3= 1.1067971810589328
Temps= 0.0649731s
nbiterameliore= 1000
f1= 60
f2= 9.3
f3= 1.9937402037376883
Temps= 0.055887s
