fonctionobjectif= 3
pourcentage= 10.0
decroissance= 0.02
nbiterstagnant= 100
nbiterameliore= 10
f1= 20
f2= 5.95
f3= 1.1483684077855851
Temps= 0.0817906s
nbiterameliore= 15
f1= 40
f2= 6.875
f3= 1.3486103959261178
Temps= 0.0686011s
nbiterameliore= 1000
f1= 60
f2= 10.025
f3= 2.1080203983832795
Temps= 0.0652126s
