fonctionobjectif= 3
pourcentage= 10.0
decroissance= 0.02
nbiterstagnant= 100
nbiterameliore= 10
f1= 50
f2= 7.451523545706364
f3= 1.5207415644885125
Temps= 0.0747966s
nbiterameliore= 15
f1= 40
f2= 7.686980609418278
f3= 1.5656177889534924
Temps= 0.0708425s
nbiterameliore= 1000
f1= 70
f2= 9.736842105263158
f3= 2.028104761244711
Temps= 0.0738242s
