fonctionobjectif= 3
pourcentage= 10.0
decroissance= 0.02
nbiterstagnant= 100
f1= 60
f2= 9.480604865220249
f3= 1.882432643145218
f1= 50
f2= 9.480604865220249
f3= 1.8471762820028697
f1= 50
f2= 9.480604865220249
f3= 1.8471762820028697
