fonctionobjectif= 3
pourcentage= 10.0
decroissance= 0.02
nbiterstagnant= 100
nbiterameliore= 10
f1= 30
f2= 8.1125
f3= 1.452906569604529
Temps= 0.1244175s
nbiterameliore= 15
f1= 60
f2= 8.0375
f3= 1.727986545086506
Temps= 0.0998043s
nbiterameliore= 1000
f1= 70
f2= 11.75
f3= 2.3422078259625043
Temps= 0.0873372s
