fonctionobjectif= 3
pourcentage= 10.0
decroissance= 0.02
nbiterstagnant= 100
f1= 30
f2= 6.275
f3= 1.1173349990043273
f1= 60
f2= 15.5625
f3= 2.82815089767148
f1= 60
f2= 9.775
f3= 1.999609336845575
