fonctionobjectif= 3
pourcentage= 10.0
decroissance= 0.02
nbiterstagnant= 100
nbiterameliore= 10
f1= 60
f2= 17.375
f3= 3.2586423553375723
Temps= 0.1707881s
nbiterameliore= 15
f1= 100
f2= 22.85
f3= 4.71632802082298
Temps= 0.2143896s
nbiterameliore= 1000
f1= 90
f2= 16.075
f3= 3.42691552274053
Temps= 0.1055493s
