fonctionobjectif= 3
pourcentage= 10.0
decroissance= 0.02
nbiterstagnant= 100
f1= 50
f2= 7.451523545706364
f3= 1.5207415644885125
f1= 40
f2= 7.686980609418278
f3= 1.5656177889534924
f1= 30
f2= 6.92520775623268
f3= 1.2728448964189234
