fonctionobjectif= 3
pourcentage= 10.0
decroissance= 0.02
nbiterstagnant= 100
f1= 30
f2= 7.2991689750692546
f3= 1.4344042919758038
f1= 40
f2= 9.113573407202216
f3= 1.658323384766034
f1= 40
f2= 8.739612188365658
f3= 1.7791989528537377
