fonctionobjectif= 3
pourcentage= 10.0
decroissance= 0.02
nbiterstagnant= 100
nbiterameliore= 10
f1= 60
f2= 8.925
f3= 1.8536281989654775
Temps= 0.1747028s
nbiterameliore= 15
f1= 50
f2= 8.8125
f3= 1.7495535144716208
Temps= 0.0878973s
nbiterameliore= 1000
f1= 50
f2= 9.0875
f3= 1.8195981699265364
Temps= 0.1002698s
