fonctionobjectif= 3
pourcentage= 10.0
decroissance= 0.02
nbiterstagnant= 100
nbiterameliore= 10
f1= 30
f2= 6.35
f3= 1.1483684077855851
Temps= 0.0764401s
nbiterameliore= 15
f1= 60
f2= 7.525
f3= 1.5632498200863483
Temps= 0.064822s
nbiterameliore= 1000
f1= 60
f2= 11.225
f3= 2.3861579997980016
Temps= 0.0519942s
