fonctionobjectif= 3
pourcentage= 10.0
decroissance= 0.02
nbiterstagnant= 100
nbiterameliore= 10
f1= 30
f2= 7.2991689750692546
f3= 1.4344042919758038
Temps= 0.0744384s
nbiterameliore= 15
f1= 40
f2= 9.113573407202216
f3= 1.658323384766034
Temps= 0.0686122s
nbiterameliore= 1000
f1= 60
f2= 10.124653739612194
f3= 2.1004966817297572
Temps= 0.0485381s
