fonctionobjectif= 3
pourcentage= 10.0
decroissance= 0.02
nbiterstagnant= 100
f1= 30
f2= 5.288531775018288
f3= 1.2954089007281375
f1= 30
f2= 8.487947406866345
f3= 1.7300036306149909
f1= 60
f2= 9.55441928414903
f3= 2.1104106097582878
