fonctionobjectif= 3
pourcentage= 10.0
decroissance= 0.02
nbiterstagnant= 100
f1= 50
f2= 8.586456278763972
f3= 1.6958701769418394
f1= 30
f2= 7.587113740959887
f3= 1.3984021534406754
f1= 40
f2= 8.31032215647601
f3= 1.5752772262324195
