fonctionobjectif= 3
pourcentage= 10.0
decroissance= 0.02
nbiterstagnant= 100
nbiterameliore= 10
f1= 50
f2= 8.586456278763972
f3= 1.6958701769418394
Temps= 0.104996s
nbiterameliore= 15
f1= 30
f2= 7.587113740959887
f3= 1.3984021534406754
Temps= 0.0931734s
nbiterameliore= 1000
f1= 70
f2= 9.349112426035507
f3= 1.9484411028650503
Temps= 0.0804722s
