fonctionobjectif= 3
pourcentage= 10.0
decroissance= 0.02
nbiterstagnant= 100
nbiterameliore= 10
f1= 50
f2= 7.6
f3= 1.5766856059468546
Temps= 0.1753065s
nbiterameliore= 15
f1= 30
f2= 6.6875
f3= 1.269227127034401
Temps= 0.064355s
nbiterameliore= 1000
f1= 130
f2= 18.575
f3= 4.3285029167138145
Temps= 0.0627079s
