fonctionobjectif= 3
pourcentage= 10.0
decroissance= 0.02
nbiterstagnant= 100
nbiterameliore= 10
f1= 20
f2= 3.728925619834734
f3= 0.7003272820821348
Temps= 0.3888545s
nbiterameliore= 15
f1= 30
f2= 5.388429752066134
f3= 0.9763545561853652
Temps= 0.2553568s
nbiterameliore= 1000
f1= 50
f2= 6.995041322314062
f3= 1.2174538345328059
Temps= 0.1998203s
