fonctionobjectif= 3
pourcentage= 10.0
decroissance= 0.02
nbiterstagnant= 100
f1= 50
f2= 5.963636363636372
f3= 1.0030756608388984
f1= 20
f2= 5.712396694214881
f3= 0.861218887072292
f1= 60
f2= 8.509090909090917
f3= 1.5041140676407594
