fonctionobjectif= 3
pourcentage= 10.0
decroissance= 0.02
nbiterstagnant= 100
f1= 30
f2= 6.261157024793378
f3= 1.1514861530348963
f1= 20
f2= 4.125619834710733
f3= 0.7737232278782751
f1= 30
f2= 6.895867768595033
f3= 1.2075395503211406
