fonctionobjectif= 3
pourcentage= 10.0
decroissance= 0.02
nbiterstagnant= 100
nbiterameliore= 10
f1= 50
f2= 7.063011747953008
f3= 1.2084146047817277
Temps= 0.2874469s
nbiterameliore= 15
f1= 20
f2= 5.980776076895692
f3= 0.9052449504081901
Temps= 0.5593596s
nbiterameliore= 1000
f1= 50
f2= 10.24563901744393
f3= 1.6772180674770423
Temps= 0.2695471s
