fonctionobjectif= 3
pourcentage= 10.0
decroissance= 0.02
nbiterstagnant= 100
f1= 50
f2= 7.626886145404666
f3= 1.3229668646648978
f1= 40
f2= 6.666666666666667
f3= 1.064404704228606
f1= 20
f2= 5.706447187928667
f3= 0.8493731457016581
