fonctionobjectif= 3
pourcentage= 10.0
decroissance= 0.02
nbiterstagnant= 100
f1= 30
f2= 7.233057851239675
f3= 1.1462544760290705
f1= 30
f2= 5.864462809917365
f3= 0.9577082587827287
f1= 40
f2= 7.094214876033065
f3= 1.2025517572127018
