fonctionobjectif= 3
pourcentage= 10.0
decroissance= 0.02
nbiterstagnant= 100
nbiterameliore= 10
f1= 30
f2= 3.8477366255143957
f3= 0.8452508603474784
Temps= 0.1468165s
nbiterameliore= 15
f1= 40
f2= 5.617283950617279
f3= 1.0929587166435661
Temps= 0.1489169s
nbiterameliore= 1000
f1= 50
f2= 6.337448559670777
f3= 1.3960719602344
Temps= 0.0980136s
