fonctionobjectif= 3
pourcentage= 10.0
decroissance= 0.02
nbiterstagnant= 100
nbiterameliore= 10
f1= 30
f2= 6.208615165539336
f3= 1.0037644841489273
Temps= 0.1409524s
nbiterameliore= 15
f1= 40
f2= 5.852616589533639
f3= 1.0386254641784503
Temps= 0.1357281s
nbiterameliore= 1000
f1= 70
f2= 9.604841580633675
f3= 1.7117054215225003
Temps= 0.1068615s
