fonctionobjectif= 3
pourcentage= 10.0
decroissance= 0.02
nbiterstagnant= 100
f1= 30
f2= 4.912396694214855
f3= 0.8407359660964938
f1= 30
f2= 5.401652892561968
f3= 0.9160067519657713
f1= 20
f2= 5.970247933884285
f3= 0.9514116207647567
