fonctionobjectif= 3
pourcentage= 10.0
decroissance= 0.02
nbiterstagnant= 100
f1= 20
f2= 3.728925619834734
f3= 0.7003272820821348
f1= 30
f2= 5.388429752066134
f3= 0.9763545561853652
f1= 40
f2= 6.737190082644644
f3= 1.1899908137205488
