fonctionobjectif= 3
pourcentage= 10.0
decroissance= 0.02
nbiterstagnant= 100
nbiterameliore= 10
f1= 30
f2= 5.404663923182414
f3= 1.1099674040544178
Temps= 0.173239s
nbiterameliore= 15
f1= 40
f2= 5.390946502057587
f3= 1.1404449761770385
Temps= 0.1375588s
nbiterameliore= 1000
f1= 40
f2= 6.433470507544564
f3= 1.1990783773113962
Temps= 0.1116813s
