fonctionobjectif= 3
pourcentage= 10.0
decroissance= 0.02
nbiterstagnant= 100
nbiterameliore= 10
f1= 110
f2= 21.223140495867764
f3= 3.5281416668463508
Temps= 1.3304135s
nbiterameliore= 15
f1= 510
f2= 43.73553719008267
f3= 11.637138403959437
Temps= 0.6900972s
nbiterameliore= 1000
f1= 550
f2= 55.66942148760334
f3= 13.289585128119525
Temps= 0.4179955s
