fonctionobjectif= 3
pourcentage= 10.0
decroissance= 0.02
nbiterstagnant= 100
nbiterameliore= 10
f1= 40
f2= 6.408000000000011
f3= 1.0987265355856297
Temps= 0.2550433s
nbiterameliore= 15
f1= 50
f2= 6.576000000000013
f3= 1.2029962593458052
Temps= 0.258285s
nbiterameliore= 1000
f1= 30
f2= 7.904000000000005
f3= 1.2989226304903614
Temps= 0.2223304s
