fonctionobjectif= 3
pourcentage= 10.0
decroissance= 0.02
nbiterstagnant= 100
nbiterameliore= 10
f1= 30
f2= 5.957024793388434
f3= 1.0898066054420912
Temps= 0.2213289s
nbiterameliore= 15
f1= 40
f2= 6.307438016528929
f3= 1.258718654879337
Temps= 0.1866194s
nbiterameliore= 1000
f1= 50
f2= 8.449586776859507
f3= 1.3838176052276332
Temps= 0.172703s
