fonctionobjectif= 3
pourcentage= 10.0
decroissance= 0.02
nbiterstagnant= 100
nbiterameliore= 10
f1= 30
f2= 4.912396694214855
f3= 0.8407359660964938
Temps= 0.1992566s
nbiterameliore= 15
f1= 30
f2= 5.401652892561968
f3= 0.9160067519657713
Temps= 0.1736511s
nbiterameliore= 1000
f1= 60
f2= 8.277685950413217
f3= 1.4010836205579031
Temps= 0.1430837s
