fonctionobjectif= 3
pourcentage= 10.0
decroissance= 0.02
nbiterstagnant= 100
f1= 50
f2= 7.064471879286699
f3= 1.2335386656231986
f1= 30
f2= 6.4197530864197585
f3= 1.085671272285837
f1= 30
f2= 5.967078189300419
f3= 1.053610462098116
