fonctionobjectif= 3
pourcentage= 10.0
decroissance= 0.02
nbiterstagnant= 100
nbiterameliore= 10
f1= 60
f2= 8.594674556213022
f3= 1.5224294093082968
Temps= 0.1922354s
nbiterameliore= 15
f1= 40
f2= 7.137573964497046
f3= 1.1959169460417256
Temps= 0.1774374s
nbiterameliore= 1000
f1= 40
f2= 7.603550295857994
f3= 1.2853446358677614
Temps= 0.147527s
