fonctionobjectif= 3
pourcentage= 10.0
decroissance= 0.02
nbiterstagnant= 100
f1= 20
f2= 4.115226337448571
f3= 0.8220158170962214
f1= 30
f2= 4.8559670781893125
f3= 0.9747094059528405
f1= 30
f2= 6.913580246913587
f3= 1.1668680558648417
