fonctionobjectif= 3
pourcentage= 10.0
decroissance= 0.02
nbiterstagnant= 100
nbiterameliore= 10
f1= 30
f2= 6.9355371900826475
f3= 1.07537144352438
Temps= 0.2646349s
nbiterameliore= 15
f1= 50
f2= 7.471074380165285
f3= 1.2194270187036218
Temps= 0.2046894s
nbiterameliore= 1000
f1= 50
f2= 8.442975206611578
f3= 1.4198337486407038
Temps= 0.1619011s
