fonctionobjectif= 3
pourcentage= 10.0
decroissance= 0.02
nbiterstagnant= 100
nbiterameliore= 10
f1= 40
f2= 5.3619834710743834
f3= 0.9257969134040789
Temps= 0.2450938s
nbiterameliore= 15
f1= 30
f2= 5.447933884297525
f3= 0.9257969134040789
Temps= 0.207991s
nbiterameliore= 1000
f1= 60
f2= 7.180165289256202
f3= 1.3351852903545873
Temps= 0.1758016s
