fonctionobjectif= 3
pourcentage= 10.0
decroissance= 0.02
nbiterstagnant= 100
f1= 30
f2= 6.208615165539336
f3= 1.0037644841489273
f1= 40
f2= 5.852616589533639
f3= 1.0386254641784503
f1= 60
f2= 8.116767532929865
f3= 1.4892744199972443
