fonctionobjectif= 3
pourcentage= 10.0
decroissance= 0.02
nbiterstagnant= 100
f1= 110
f2= 21.223140495867764
f3= 3.5281416668463508
f1= 510
f2= 43.73553719008267
f3= 11.637138403959437
f1= 30
f2= 7.272727272727266
f3= 1.2134978408580266
