fonctionobjectif= 3
pourcentage= 10.0
decroissance= 0.02
nbiterstagnant= 100
nbiterameliore= 10
f1= 50
f2= 6.446280991735534
f3= 1.171666507248271
Temps= 0.5754762s
nbiterameliore= 15
f1= 410
f2= 53.00495867768595
f3= 10.453402740279758
Temps= 0.3774028s
nbiterameliore= 1000
f1= 310
f2= 51.91404958677685
f3= 8.939701166686833
Temps= 0.3988644s
