fonctionobjectif= 3
pourcentage= 10.0
decroissance= 0.02
nbiterstagnant= 100
f1= 30
f2= 5.404663923182414
f3= 1.1099674040544178
f1= 40
f2= 5.390946502057587
f3= 1.1404449761770385
f1= 50
f2= 8.984910836762676
f3= 1.634734491032198
