fonctionobjectif= 3
pourcentage= 10.0
decroissance= 0.02
nbiterstagnant= 100
nbiterameliore= 10
f1= 30
f2= 4.29090909090911
f3= 0.8784933485724867
Temps= 0.2085998s
nbiterameliore= 15
f1= 30
f2= 6.558677685950424
f3= 1.1111077719292006
Temps= 0.204871s
nbiterameliore= 1000
f1= 50
f2= 7.649586776859515
f3= 1.376850574911766
Temps= 0.1901047s
