fonctionobjectif= 3
pourcentage= 10.0
decroissance= 0.02
nbiterstagnant= 100
f1= 60
f2= 8.594674556213022
f3= 1.5224294093082968
f1= 40
f2= 7.137573964497046
f3= 1.1959169460417256
f1= 50
f2= 7.74408284023669
f3= 1.3138018610108024
