fonctionobjectif= 3
pourcentage= 10.0
decroissance= 0.02
nbiterstagnant= 100
f1= 40
f2= 6.195041322314061
f3= 1.0809462421240632
f1= 30
f2= 4.654545454545473
f3= 0.9507796634577216
f1= 30
f2= 7.570247933884306
f3= 1.2243460665836388
