fonctionobjectif= 3
pourcentage= 10.0
decroissance= 0.02
nbiterstagnant= 100
nbiterameliore= 10
f1= 40
f2= 6.18181818181818
f3= 1.0078579318628855
Temps= 0.3681531s
nbiterameliore= 15
f1= 30
f2= 5.487603305785121
f3= 0.8667841720414473
Temps= 0.2941441s
nbiterameliore= 1000
f1= 50
f2= 8.363636363636362
f3= 1.3933403911211637
Temps= 0.2681898s
