fonctionobjectif= 3
pourcentage= 10.0
decroissance= 0.02
nbiterstagnant= 100
nbiterameliore= 10
f1= 30
f2= 6.261157024793378
f3= 1.1514861530348963
Temps= 0.2420287s
nbiterameliore= 15
f1= 20
f2= 4.125619834710733
f3= 0.7737232278782751
Temps= 0.3030392s
nbiterameliore= 1000
f1= 60
f2= 6.532231404958669
f3= 1.287050454732758
Temps= 0.1559331s
