fonctionobjectif= 3
pourcentage= 10.0
decroissance= 0.02
nbiterstagnant= 100
f1= 40
f2= 6.18181818181818
f3= 1.0078579318628855
f1= 30
f2= 5.487603305785121
f3= 0.8667841720414473
f1= 60
f2= 8.429752066115702
f3= 1.48521387532134
