fonctionobjectif= 3
pourcentage= 10.0
decroissance= 0.02
nbiterstagnant= 100
f1= 50
f2= 6.446280991735534
f3= 1.171666507248271
f1= 410
f2= 53.00495867768595
f3= 10.453402740279758
f1= 150
f2= 28.145454545454538
f3= 4.725619545642431
