fonctionobjectif= 3
pourcentage= 10.0
decroissance= 0.02
nbiterstagnant= 100
nbiterameliore= 10
f1= 20
f2= 5.236363636363636
f3= 0.7540524128482807
Temps= 0.1638481s
nbiterameliore= 15
f1= 30
f2= 7.127272727272727
f3= 1.1089418677801386
Temps= 0.118049s
nbiterameliore= 1000
f1= 50
f2= 8.945454545454545
f3= 1.4904655659577597
Temps= 0.096205s
