fonctionobjectif= 3
pourcentage= 10.0
decroissance= 0.02
nbiterstagnant= 100
nbiterameliore= 10
f1= 30
f2= 7.233057851239675
f3= 1.1462544760290705
Temps= 0.2035301s
nbiterameliore= 15
f1= 30
f2= 5.864462809917365
f3= 0.9577082587827287
Temps= 0.1685774s
nbiterameliore= 1000
f1= 50
f2= 8.436363636363643
f3= 1.4516500107011834
Temps= 0.1213395s
