fonctionobjectif= 3
pourcentage= 10.0
decroissance= 0.02
nbiterstagnant= 100
f1= 20
f2= 5.236363636363636
f3= 0.7540524128482807
f1= 30
f2= 7.127272727272727
f3= 1.1089418677801386
f1= 50
f2= 8.654545454545454
f3= 1.3989370226670068
