fonctionobjectif= 3
pourcentage= 10.0
decroissance= 0.02
nbiterstagnant= 100
f1= 30
f2= 7.2925619834710815
f3= 1.156174421860338
f1= 50
f2= 7.894214876033063
f3= 1.3414727768834742
f1= 40
f2= 6.2148760330578625
f3= 1.0355078386215777
