fonctionobjectif= 3
pourcentage= 10.0
decroissance= 0.02
nbiterstagnant= 100
nbiterameliore= 10
f1= 40
f2= 6.195041322314061
f3= 1.0809462421240632
Temps= 0.3294143s
nbiterameliore= 15
f1= 30
f2= 4.654545454545473
f3= 0.9507796634577216
Temps= 0.255081s
nbiterameliore= 1000
f1= 50
f2= 7.649586776859515
f3= 1.376850574911766
Temps= 0.2162038s
