fonctionobjectif= 3
pourcentage= 10.0
decroissance= 0.02
nbiterstagnant= 100
nbiterameliore= 10
f1= 20
f2= 6.347107438016532
f3= 0.9775849971980989
Temps= 0.216355s
nbiterameliore= 15
f1= 40
f2= 6.545454545454549
f3= 1.1045973187837106
Temps= 0.1631585s
nbiterameliore= 1000
f1= 50
f2= 8.991735537190086
f3= 1.4872359509688584
Temps= 0.15703s
