fonctionobjectif= 3
pourcentage= 10.0
decroissance= 0.02
nbiterstagnant= 100
nbiterameliore= 10
f1= 40
f2= 6.968595041322302
f3= 1.1844217982810963
Temps= 0.1757813s
nbiterameliore= 15
f1= 50
f2= 7.874380165289247
f3= 1.3414727768834742
Temps= 0.2062768s
nbiterameliore= 1000
f1= 40
f2= 8.059504132231393
f3= 1.3414727768834742
Temps= 0.1246529s
