fonctionobjectif= 3
pourcentage= 10.0
decroissance= 0.02
nbiterstagnant= 100
f1= 20
f2= 6.347107438016532
f3= 0.9775849971980989
f1= 40
f2= 6.545454545454549
f3= 1.1045973187837106
f1= 20
f2= 5.818181818181822
f3= 0.907436511161045
