fonctionobjectif= 3
pourcentage= 10.0
decroissance= 0.02
nbiterstagnant= 100
nbiterameliore= 10
f1= 50
f2= 5.963636363636372
f3= 1.0030756608388984
Temps= 0.1329529s
nbiterameliore= 15
f1= 20
f2= 5.712396694214881
f3= 0.861218887072292
Temps= 0.1203697s
nbiterameliore= 1000
f1= 60
f2= 8.52231404958679
f3= 1.5259340847343865
Temps= 0.1111893s
