fonctionobjectif= 3
pourcentage= 10.0
decroissance= 0.02
nbiterstagnant= 100
f1= 30
f2= 6.9355371900826475
f3= 1.07537144352438
f1= 50
f2= 7.471074380165285
f3= 1.2194270187036218
f1= 60
f2= 9.031404958677692
f3= 1.5318310566690465
