fonctionobjectif= 3
pourcentage= 10.0
decroissance= 0.02
nbiterstagnant= 100
f1= 30
f2= 3.8477366255143957
f3= 0.8452508603474784
f1= 40
f2= 5.617283950617279
f3= 1.0929587166435661
f1= 50
f2= 7.09876543209876
f3= 1.3960719602344003
