fonctionobjectif= 3
pourcentage= 10.0
decroissance= 0.02
nbiterstagnant= 100
f1= 40
f2= 6.408000000000011
f3= 1.0987265355856297
f1= 50
f2= 6.576000000000013
f3= 1.2029962593458052
f1= 40
f2= 8.536000000000003
f3= 1.444714504668656
