fonctionobjectif= 3
pourcentage= 10.0
decroissance= 0.02
nbiterstagnant= 100
nbiterameliore= 10
f1= 20
f2= 4.115226337448571
f3= 0.8220158170962214
Temps= 0.3103825s
nbiterameliore= 15
f1= 30
f2= 4.8559670781893125
f3= 0.9747094059528405
Temps= 0.8385554s
nbiterameliore= 1000
f1= 40
f2= 8.024691358024699
f3= 1.4546612051138794
Temps= 0.252868s
