fonctionobjectif= 3
pourcentage= 10.0
decroissance= 0.02
nbiterstagnant= 100
f1= 40
f2= 5.3619834710743834
f3= 0.9257969134040789
f1= 30
f2= 5.447933884297525
f3= 0.9257969134040789
f1= 30
f2= 6.452892561983474
f3= 1.0898066054420912
