fonctionobjectif= 3
pourcentage= 10.0
decroissance= 0.02
nbiterstagnant= 100
f1= 40
f2= 7.636363636363637
f3= 1.222380822834299
f1= 30
f2= 8.872727272727273
f3= 1.3508491360732153
f1= 40
f2= 7.781818181818182
f3= 1.2753220303091042
