fonctionobjectif= 3
pourcentage= 10.0
decroissance= 0.02
nbiterstagnant= 100
nbiterameliore= 10
f1= 30
f2= 7.2925619834710815
f3= 1.156174421860338
Temps= 0.1567533s
nbiterameliore= 15
f1= 50
f2= 7.894214876033063
f3= 1.3414727768834742
Temps= 0.1238399s
nbiterameliore= 1000
f1= 70
f2= 8.03305785123968
f3= 1.4819728155386294
Temps= 0.1118686s
