fonctionobjectif= 3
pourcentage= 10.0
decroissance= 0.02
nbiterstagnant= 100
f1= 40
f2= 6.968595041322302
f3= 1.1844217982810963
f1= 50
f2= 7.874380165289247
f3= 1.3414727768834742
f1= 50
f2= 9.236363636363627
f3= 1.5474464557565502
