fonctionobjectif= 3
pourcentage= 10.0
decroissance= 0.02
nbiterstagnant= 100
f1= 50
f2= 7.063011747953008
f3= 1.2084146047817277
f1= 20
f2= 5.980776076895692
f3= 0.9052449504081901
f1= 60
f2= 8.57244571021716
f3= 1.521401472151072
