fonctionobjectif= 3
pourcentage= 10.0
decroissance= 0.02
nbiterstagnant= 100
nbiterameliore= 10
f1= 50
f2= 7.064471879286699
f3= 1.2335386656231986
Temps= 0.2589047s
nbiterameliore= 15
f1= 30
f2= 6.4197530864197585
f3= 1.085671272285837
Temps= 0.2522539s
nbiterameliore= 1000
f1= 60
f2= 6.515775034293559
f3= 1.2610332054357665
Temps= 0.1615779s
