fonctionobjectif= 3
pourcentage= 10.0
decroissance= 0.02
nbiterstagnant= 100
f1= 30
f2= 5.957024793388434
f3= 1.0898066054420912
f1= 40
f2= 6.307438016528929
f3= 1.258718654879337
f1= 70
f2= 8.17851239669422
f3= 1.605025915470317
