fonctionobjectif= 3
pourcentage= 10.0
decroissance= 0.02
nbiterstagnant= 100
nbiterameliore= 10
f1= 20
f2= 5.137190082644646
f3= 0.7921477903226125
Temps= 0.4702791s
nbiterameliore= 15
f1= 40
f2= 7.180165289256214
f3= 1.1920094594696236
Temps= 0.295903s
nbiterameliore= 1000
f1= 510
f2= 105.05123966942149
f3= 17.846898768199875
Temps= 0.4170858s
