fonctionobjectif= 3
pourcentage= 10.0
decroissance= 0.02
nbiterstagnant= 100
f1= 20
f2= 5.9504132231405
f3= 0.8987845536775629
f1= 30
f2= 6.552066115702481
f3= 1.0030756608388984
f1= 50
f2= 8.733884297520664
f3= 1.4366669833461112
