fonctionobjectif= 3
pourcentage= 10.0
decroissance= 0.02
nbiterstagnant= 100
nbiterameliore= 10
f1= 50
f2= 7.626886145404666
f3= 1.3229668646648978
Temps= 0.2919366s
nbiterameliore= 15
f1= 40
f2= 6.666666666666667
f3= 1.064404704228606
Temps= 0.1889467s
nbiterameliore= 1000
f1= 40
f2= 7.119341563786002
f3= 1.1570301168320616
Temps= 0.1381043s
