fonctionobjectif= 3
pourcentage= 10.0
decroissance= 0.02
nbiterstagnant= 100
nbiterameliore= 10
f1= 40
f2= 7.636363636363637
f3= 1.222380822834299
Temps= 0.2163468s
nbiterameliore= 15
f1= 30
f2= 8.872727272727273
f3= 1.3508491360732153
Temps= 0.1926569s
nbiterameliore= 1000
f1= 70
f2= 8.8
f3= 1.534183498889381
Temps= 0.1536566s
