fonctionobjectif= 3
pourcentage= 10.0
decroissance= 0.02
nbiterstagnant= 100
f1= 30
f2= 6.399999999999994
f3= 1.0179456632863346
f1= 40
f2= 6.809917355371898
f3= 1.1111077719292006
f1= 40
f2= 7.596694214876026
f3= 1.251055151957006
