fonctionobjectif= 3
pourcentage= 10.0
decroissance= 0.02
nbiterstagnant= 100
f1= 30
f2= 4.29090909090911
f3= 0.8784933485724867
f1= 30
f2= 6.558677685950424
f3= 1.1111077719292006
f1= 150
f2= 30.08264462809918
f3= 4.759836980837395
