fonctionobjectif= 3
pourcentage= 10.0
decroissance= 0.02
nbiterstagnant= 100
nbiterameliore= 10
f1= 20
f2= 5.9504132231405
f3= 0.8987845536775629
Temps= 0.2188314s
nbiterameliore= 15
f1= 30
f2= 6.552066115702481
f3= 1.0030756608388984
Temps= 0.2430573s
nbiterameliore= 1000
f1= 60
f2= 8.284297520661172
f3= 1.4819728155386294
Temps= 0.1615392s
