fonctionobjectif= 3
pourcentage= 10.0
decroissance= 0.02
nbiterstagnant= 100
f1= 20
f2= 5.137190082644646
f3= 0.7921477903226125
f1= 40
f2= 7.180165289256214
f3= 1.1920094594696236
f1= 320
f2= 40.83966942148759
f3= 8.318021495090488
