fonctionobjectif= 3
pourcentage= 10.0
decroissance= 0.02
nbiterstagnant= 100
nbiterameliore= 10
f1= 30
f2= 6.399999999999994
f3= 1.0179456632863346
Temps= 0.3391529s
nbiterameliore= 15
f1= 40
f2= 6.809917355371898
f3= 1.1111077719292006
Temps= 0.2555413s
nbiterameliore= 1000
f1= 60
f2= 7.642975206611566
f3= 1.4006545641642696
Temps= 0.2092568s
