fonctionobjectif= 3
pourcentage= 10.0
decroissance= 0.02
nbiterstagnant= 100
f1= 30
f2= 5.392000000000016
f3= 0.9503683496413378
f1= 60
f2= 7.752000000000007
f3= 1.530751449452196
f1= 50
f2= 7.704000000000015
f3= 1.4223923509355638
