fonctionobjectif= 3
pourcentage= 10.0
decroissance= 0.02
nbiterstagnant= 100
f1= 50
f2= 7.311999999999994
f3= 1.3844854639901425
f1= 30
f2= 4.991999999999989
f3= 1.0939835464941874
f1= 40
f2= 6.559999999999991
f3= 1.2949131244990917
