fonctionobjectif= 3
pourcentage= 10.0
decroissance= 0.02
nbiterstagnant= 100
nbiterameliore= 10
f1= 30
f2= 6.513952519783409
f3= 1.1276431257034238
Temps= 0.1509957s
nbiterameliore= 15
f1= 30
f2= 6.605581007913353
f3= 1.1639921153164512
Temps= 0.1387978s
nbiterameliore= 1000
f1= 50
f2= 8.962932111620143
f3= 1.5877841171067169
Temps= 0.106257s
