fonctionobjectif= 3
pourcentage= 10.0
decroissance= 0.02
nbiterstagnant= 100
f1= 30
f2= 4.406497292794642
f3= 0.9783068067383394
f1= 30
f2= 6.397334443981658
f3= 1.2070111687746037
f1= 40
f2= 8.862973760932924
f3= 1.6195853542077134
