fonctionobjectif= 3
pourcentage= 10.0
decroissance= 0.02
nbiterstagnant= 100
f1= 20
f2= 5.471999999999993
f3= 0.9191300234460846
f1= 40
f2= 5.263999999999992
f3= 0.9616652224137046
f1= 130
f2= 28.95999999999999
f3= 4.944168281925687
