fonctionobjectif= 3
pourcentage= 10.0
decroissance= 0.02
nbiterstagnant= 100
nbiterameliore= 10
f1= 20
f2= 4.548104956268229
f3= 0.865845038187609
Temps= 0.2319856s
nbiterameliore= 15
f1= 40
f2= 6.29737609329447
f3= 1.2907255755789302
Temps= 0.2176633s
nbiterameliore= 1000
f1= 60
f2= 7.98833819241983
f3= 1.5808095290642519
Temps= 0.1621213s
