fonctionobjectif= 3
pourcentage= 10.0
decroissance= 0.02
nbiterstagnant= 100
f1= 50
f2= 6.172428154935457
f3= 1.1683653008462904
f1= 30
f2= 6.847147022074155
f3= 1.2034849819562854
f1= 40
f2= 9.987505206164109
f3= 1.6676792590175038
