fonctionobjectif= 3
pourcentage= 10.0
decroissance= 0.02
nbiterstagnant= 100
nbiterameliore= 10
f1= 50
f2= 7.311999999999994
f3= 1.3844854639901425
Temps= 0.1577835s
nbiterameliore= 15
f1= 30
f2= 4.991999999999989
f3= 1.0939835464941874
Temps= 0.1377432s
nbiterameliore= 1000
f1= 60
f2= 8.57599999999999
f3= 1.7426416728633571
Temps= 0.1210086s
