fonctionobjectif= 3
pourcentage= 10.0
decroissance= 0.02
nbiterstagnant= 100
f1= 20
f2= 6.1974177426072465
f3= 0.9869569026128721
f1= 50
f2= 9.354435651811741
f3= 1.6502590901556744
f1= 40
f2= 8.129945855893373
f3= 1.4048727467238202
