fonctionobjectif= 3
pourcentage= 10.0
decroissance= 0.02
nbiterstagnant= 100
f1= 90
f2= 20.41600000000001
f3= 3.4413950659579906
f1= 30
f2= 7.247999999999993
f3= 1.2013325934144965
f1= 110
f2= 25.152000000000008
f3= 4.069791149432609
