fonctionobjectif= 3
pourcentage= 10.0
decroissance= 0.02
nbiterstagnant= 100
nbiterameliore= 10
f1= 50
f2= 6.172428154935457
f3= 1.1683653008462904
Temps= 0.1633068s
nbiterameliore= 15
f1= 30
f2= 6.847147022074155
f3= 1.2034849819562854
Temps= 0.1609191s
nbiterameliore= 1000
f1= 60
f2= 11.08704706372345
f3= 1.9657151989548194
Temps= 0.0996971s
