fonctionobjectif= 3
pourcentage= 10.0
decroissance= 0.02
nbiterstagnant= 100
f1= 30
f2= 5.55199999999998
f3= 1.0522357150372725
f1= 40
f2= 6.287999999999983
f3= 1.2276807402578245
f1= 40
f2= 7.855999999999986
f3= 1.4923806484942106
