fonctionobjectif= 3
pourcentage= 10.0
decroissance= 0.02
nbiterstagnant= 100
nbiterameliore= 10
f1= 50
f2= 9.635416666666648
f3= 1.761361515014472
Temps= 0.1961567s
nbiterameliore= 15
f1= 50
f2= 8.420138888888857
f3= 1.579479502141508
Temps= 0.1784435s
nbiterameliore= 1000
f1= 60
f2= 11.154513888888886
f3= 1.9485478775279093
Temps= 0.150686s
