fonctionobjectif= 3
pourcentage= 10.0
decroissance= 0.02
nbiterstagnant= 100
nbiterameliore= 10
f1= 30
f2= 5.392000000000016
f3= 0.9503683496413378
Temps= 0.1297026s
nbiterameliore= 15
f1= 60
f2= 7.752000000000007
f3= 1.530751449452196
Temps= 0.1065922s
nbiterameliore= 1000
f1= 40
f2= 8.32800000000001
f3= 1.4223923509355638
Temps= 0.0820498s
