fonctionobjectif= 3
pourcentage= 10.0
decroissance= 0.02
nbiterstagnant= 100
f1= 30
f2= 6.130778842149112
f3= 1.0332387840623525
f1= 40
f2= 7.946688879633489
f3= 1.348061576874273
f1= 50
f2= 10.57892544773011
f3= 1.7981508973888367
