fonctionobjectif= 3
pourcentage= 10.0
decroissance= 0.02
nbiterstagnant= 100
nbiterameliore= 10
f1= 40
f2= 9.112869637650983
f3= 1.5025188019504523
Temps= 0.166634s
nbiterameliore= 15
f1= 30
f2= 7.213660974593915
f3= 1.1935562385107124
Temps= 0.12732s
nbiterameliore= 1000
f1= 60
f2= 9.22948771345272
f3= 1.6605283808627576
Temps= 0.1289453s
