fonctionobjectif= 3
pourcentage= 10.0
decroissance= 0.02
nbiterstagnant= 100
nbiterameliore= 10
f1= 30
f2= 5.006790402897222
f3= 1.06337699734878
Temps= 0.1417606s
nbiterameliore= 15
f1= 40
f2= 6.283386147578073
f3= 1.3283604840426815
Temps= 0.1379716s
nbiterameliore= 1000
f1= 50
f2= 8.791308284291524
f3= 1.7670942688531992
Temps= 0.0844241s
