fonctionobjectif= 3
pourcentage= 10.0
decroissance= 0.02
nbiterstagnant= 100
f1= 50
f2= 9.635416666666648
f3= 1.761361515014472
f1= 50
f2= 8.420138888888857
f3= 1.579479502141508
f1= 60
f2= 8.836805555555523
f3= 1.7858331226992148
