fonctionobjectif= 3
pourcentage= 10.0
decroissance= 0.02
nbiterstagnant= 100
nbiterameliore= 10
f1= 30
f2= 6.9760000000000035
f3= 1.1579291860904102
Temps= 0.2106781s
nbiterameliore= 15
f1= 40
f2= 7.920000000000004
f3= 1.378695035169127
Temps= 0.1175998s
nbiterameliore= 1000
f1= 50
f2= 8.432000000000002
f3= 1.593988707613702
Temps= 0.0941424s
