fonctionobjectif= 3
pourcentage= 10.0
decroissance= 0.02
nbiterstagnant= 100
f1= 40
f2= 8.367999999999993
f3= 1.4488616221019868
f1= 30
f2= 6.559999999999991
f3= 1.0673331251301068
f1= 90
f2= 10.416000000000004
f3= 2.1211317733700565
