fonctionobjectif= 3
pourcentage= 10.0
decroissance= 0.02
nbiterstagnant= 100
nbiterameliore= 10
f1= 30
f2= 6.055810079133691
f3= 0.9963852764218694
Temps= 0.1753643s
nbiterameliore= 15
f1= 30
f2= 5.889212827988335
f3= 0.9536692264604152
Temps= 0.2071203s
nbiterameliore= 1000
f1= 50
f2= 9.229487713452727
f3= 1.5786573027033106
Temps= 0.1236866s
