fonctionobjectif= 3
pourcentage= 10.0
decroissance= 0.02
nbiterstagnant= 100
nbiterameliore= 10
f1= 20
f2= 5.651041666666662
f3= 0.9076059460144261
Temps= 0.1820527s
nbiterameliore= 15
f1= 40
f2= 7.022569444444443
f3= 1.2321497464534026
Temps= 0.160285s
nbiterameliore= 1000
f1= 50
f2= 9.105902777777777
f3= 1.653321135007644
Temps= 0.1297842s
