fonctionobjectif= 3
pourcentage= 10.0
decroissance= 0.02
nbiterstagnant= 100
nbiterameliore= 10
f1= 30
f2= 5.55199999999998
f3= 1.0522357150372725
Temps= 0.1320648s
nbiterameliore= 15
f1= 40
f2= 6.287999999999983
f3= 1.2276807402578245
Temps= 0.1303693s
nbiterameliore= 1000
f1= 50
f2= 9.823999999999987
f3= 1.7627251629224563
Temps= 0.0893347s
