fonctionobjectif= 3
pourcentage= 10.0
decroissance= 0.02
nbiterstagnant= 100
nbiterameliore= 10
f1= 40
f2= 6.528000000000007
f3= 1.1596551211459378
Temps= 0.1564589s
nbiterameliore= 15
f1= 40
f2= 5.728000000000006
f3= 1.012324058787501
Temps= 0.1375191s
nbiterameliore= 1000
f1= 60
f2= 10.095999999999998
f3= 1.8068757566584372
Temps= 0.1008631s
