fonctionobjectif= 3
pourcentage= 10.0
decroissance= 0.02
nbiterstagnant= 100
f1= 40
f2= 5.164930555555567
f3= 1.0094855388962938
f1= 30
f2= 7.3263888888888955
f3= 1.2409248110075304
f1= 60
f2= 9.522569444444452
f3= 1.7858331226992148
