fonctionobjectif= 3
pourcentage= 10.0
decroissance= 0.02
nbiterstagnant= 100
f1= 30
f2= 6.513952519783409
f3= 1.1276431257034238
f1= 30
f2= 6.605581007913353
f3= 1.1639921153164512
f1= 50
f2= 9.596001665972501
f3= 1.7618594670248542
