fonctionobjectif= 3
pourcentage= 10.0
decroissance= 0.02
nbiterstagnant= 100
nbiterameliore= 10
f1= 40
f2= 6.736000000000013
f3= 1.2211470017978998
Temps= 0.2522891s
nbiterameliore= 15
f1= 50
f2= 6.080000000000018
f3= 1.2534751692793917
Temps= 0.2165477s
nbiterameliore= 1000
f1= 50
f2= 8.336000000000013
f3= 1.565630863262474
Temps= 0.1924244s
