fonctionobjectif= 3
pourcentage= 10.0
decroissance= 0.02
nbiterstagnant= 100
nbiterameliore= 10
f1= 40
f2= 8.367999999999993
f3= 1.4488616221019868
Temps= 0.1313167s
nbiterameliore= 15
f1= 30
f2= 6.559999999999991
f3= 1.0673331251301068
Temps= 0.1063321s
nbiterameliore= 1000
f1= 50
f2= 8.816000000000004
f3= 1.529444343544413
Temps= 0.1137847s
