fonctionobjectif= 3
pourcentage= 10.0
decroissance= 0.02
nbiterstagnant= 100
f1= 30
f2= 6.055810079133691
f3= 0.9963852764218694
f1= 30
f2= 5.889212827988335
f3= 0.9536692264604152
f1= 30
f2= 7.688463140358181
f3= 1.2880887483600303
