fonctionobjectif= 3
pourcentage= 10.0
decroissance= 0.02
nbiterstagnant= 100
f1= 30
f2= 6.297376093294465
f3= 1.1544600509168121
f1= 40
f2= 7.0553935860058345
f3= 1.2244897959183672
f1= 50
f2= 9.154518950437321
f3= 1.6829002553541472
