fonctionobjectif= 3
pourcentage= 10.0
decroissance= 0.02
nbiterstagnant= 100
nbiterameliore= 10
f1= 50
f2= 6.240000000000009
f3= 1.2119405926034492
Temps= 0.1530597s
nbiterameliore= 15
f1= 30
f2= 5.376000000000008
f3= 0.9943842315724842
Temps= 0.123465s
nbiterameliore= 1000
f1= 70
f2= 10.592000000000002
f3= 1.9669265365030797
Temps= 0.1464528s
