fonctionobjectif= 3
pourcentage= 10.0
decroissance= 0.02
nbiterstagnant= 100
nbiterameliore= 10
f1= 30
f2= 6.805497709287785
f3= 1.177062929340312
Temps= 0.1919385s
nbiterameliore= 15
f1= 30
f2= 7.163681799250303
f3= 1.3109811752721348
Temps= 0.1657706s
nbiterameliore= 1000
f1= 60
f2= 9.354435651811729
f3= 1.8169605190533968
Temps= 0.2197303s
