fonctionobjectif= 3
pourcentage= 10.0
decroissance= 0.02
nbiterstagnant= 100
f1= 40
f2= 6.528000000000007
f3= 1.1596551211459378
f1= 40
f2= 5.728000000000006
f3= 1.012324058787501
f1= 40
f2= 7.920000000000004
f3= 1.3801449199268894
