fonctionobjectif= 3
pourcentage= 10.0
decroissance= 0.02
nbiterstagnant= 100
f1= 20
f2= 4.548104956268229
f3= 0.865845038187609
f1= 40
f2= 6.29737609329447
f3= 1.2907255755789302
f1= 50
f2= 8.163265306122451
f3= 1.4716535818220366
