fonctionobjectif= 3
pourcentage= 10.0
decroissance= 0.02
nbiterstagnant= 100
nbiterameliore= 10
f1= 30
f2= 4.406497292794642
f3= 0.9783068067383394
Temps= 0.175712s
nbiterameliore= 15
f1= 30
f2= 6.397334443981658
f3= 1.2070111687746037
Temps= 0.1303933s
nbiterameliore= 1000
f1= 50
f2= 7.213660974593903
f3= 1.567309627488701
Temps= 0.1179959s
