fonctionobjectif= 3
pourcentage= 10.0
decroissance= 0.02
nbiterstagnant= 100
nbiterameliore= 10
f1= 30
f2= 6.297376093294465
f3= 1.1544600509168121
Temps= 0.14073s
nbiterameliore= 15
f1= 40
f2= 7.0553935860058345
f3= 1.2244897959183672
Temps= 0.1133013s
nbiterameliore= 1000
f1= 80
f2= 10.204081632653063
f3= 1.9786448397617666
Temps= 0.1257233s
