fonctionobjectif= 3
pourcentage= 10.0
decroissance= 0.02
nbiterstagnant= 100
nbiterameliore= 10
f1= 20
f2= 5.471999999999993
f3= 0.9191300234460846
Temps= 0.1982174s
nbiterameliore= 15
f1= 40
f2= 5.263999999999992
f3= 0.9616652224137046
Temps= 0.1513591s
nbiterameliore= 1000
f1= 70
f2= 10.575999999999995
f3= 2.0111688143962456
Temps= 0.1303387s
