fonctionobjectif= 3
pourcentage= 10.0
decroissance= 0.02
nbiterstagnant= 100
f1= 30
f2= 6.805497709287785
f3= 1.177062929340312
f1= 30
f2= 7.163681799250303
f3= 1.3109811752721348
f1= 30
f2= 6.08912952936275
f3= 1.1040289346216614
