fonctionobjectif= 3
pourcentage= 10.0
decroissance= 0.02
nbiterstagnant= 100
nbiterameliore= 10
f1= 40
f2= 7.192000000000007
f3= 1.277810627597063
Temps= 0.1713119s
nbiterameliore= 15
f1= 30
f2= 6.088000000000011
f3= 1.1801694793545543
Temps= 0.1647254s
nbiterameliore= 1000
f1= 60
f2= 8.744000000000005
f3= 1.6348700254148645
Temps= 0.1179367s
