fonctionobjectif= 3
pourcentage= 10.0
decroissance= 0.02
nbiterstagnant= 100
f1= 30
f2= 6.9760000000000035
f3= 1.1579291860904102
f1= 40
f2= 7.920000000000004
f3= 1.378695035169127
f1= 50
f2= 9.776000000000003
f3= 1.7148760888180814
