fonctionobjectif= 3
pourcentage= 10.0
decroissance= 0.02
nbiterstagnant= 100
f1= 20
f2= 5.651041666666662
f3= 0.9076059460144261
f1= 40
f2= 7.022569444444443
f3= 1.2321497464534026
f1= 20
f2= 5.381944444444438
f3= 0.8584538413247307
