fonctionobjectif= 3
pourcentage= 10.0
decroissance= 0.02
nbiterstagnant= 100
nbiterameliore= 10
f1= 20
f2= 6.1974177426072465
f3= 0.9869569026128721
Temps= 0.2226032s
nbiterameliore= 15
f1= 50
f2= 9.354435651811741
f3= 1.6502590901556744
Temps= 0.1561001s
nbiterameliore= 1000
f1= 60
f2= 9.912536443148682
f3= 1.7482990496285655
Temps= 0.1472748s
