fonctionobjectif= 3
pourcentage= 10.0
decroissance= 0.02
nbiterstagnant= 100
f1= 40
f2= 9.112869637650983
f3= 1.5025188019504523
f1= 30
f2= 7.213660974593915
f3= 1.1935562385107124
f1= 50
f2= 7.838400666389002
f3= 1.4169216186848823
