fonctionobjectif= 3
pourcentage= 10.0
decroissance= 0.02
nbiterstagnant= 100
f1= 30
f2= 5.006790402897222
f3= 1.06337699734878
f1= 40
f2= 6.283386147578073
f3= 1.3283604840426815
f1= 40
f2= 7.550928021729274
f3= 1.5191358752084005
