fonctionobjectif= 3
pourcentage= 10.0
decroissance= 0.02
nbiterstagnant= 100
f1= 40
f2= 6.736000000000013
f3= 1.2211470017978998
f1= 50
f2= 6.080000000000018
f3= 1.2534751692793917
f1= 60
f2= 10.496000000000004
f3= 1.8469434208984312
