fonctionobjectif= 3
pourcentage= 10.0
decroissance= 0.02
nbiterstagnant= 100
f1= 40
f2= 7.192000000000007
f3= 1.277810627597063
f1= 30
f2= 6.088000000000011
f3= 1.1801694793545543
f1= 50
f2= 7.6400000000000095
f3= 1.6348700254148645
