fonctionobjectif= 3
pourcentage= 10.0
decroissance= 0.02
nbiterstagnant= 100
nbiterameliore= 10
f1= 20
f2= 5.43232231779087
f3= 0.8897932807605035
Temps= 0.1909806s
nbiterameliore= 15
f1= 30
f2= 6.591217745586246
f3= 1.1155382597513683
Temps= 0.1653844s
nbiterameliore= 1000
f1= 60
f2= 10.303304662743324
f3= 1.8729370628459376
Temps= 0.1630374s
