fonctionobjectif= 3
pourcentage= 10.0
decroissance= 0.02
nbiterstagnant= 100
f1= 20
f2= 5.43232231779087
f3= 0.8897932807605035
f1= 30
f2= 6.591217745586246
f3= 1.1155382597513683
f1= 50
f2= 10.665459483929386
f3= 1.8729370628459376
