fonctionobjectif= 3
pourcentage= 10.0
decroissance= 0.02
nbiterstagnant= 100
nbiterameliore= 10
f1= 30
f2= 6.130778842149112
f3= 1.0332387840623525
Temps= 0.1397775s
nbiterameliore= 15
f1= 40
f2= 7.946688879633489
f3= 1.348061576874273
Temps= 0.1516739s
nbiterameliore= 1000
f1= 50
f2= 8.67138692211579
f3= 1.5221897938433366
Temps= 0.0915318s
