fonctionobjectif= 3
pourcentage= 10.0
decroissance= 0.02
nbiterstagnant= 100
nbiterameliore= 10
f1= 50
f2= 7.413577675968345
f3= 1.421114589732238
Temps= 0.155137s
nbiterameliore= 15
f1= 40
f2= 6.272386505622656
f3= 1.1985308916090067
Temps= 0.1204446s
nbiterameliore= 1000
f1= 50
f2= 8.804664723032069
f3= 1.6889502458262664
Temps= 0.1132868s
