fonctionobjectif= 3
pourcentage= 10.0
decroissance= 0.02
nbiterstagnant= 100
nbiterameliore= 10
f1= 40
f2= 5.164930555555567
f3= 1.0094855388962938
Temps= 0.1244241s
nbiterameliore= 15
f1= 30
f2= 7.3263888888888955
f3= 1.2409248110075304
Temps= 0.1145012s
nbiterameliore= 1000
f1= 70
f2= 8.914930555555566
f3= 1.7365450846489754
Temps= 0.0895514s
