fonctionobjectif= 3
pourcentage= 10.0
decroissance= 0.02
nbiterstagnant= 100
nbiterameliore= 10
f1= 30
f2= 6.440000000000009
f3= 1.1387712676389408
Temps= 0.1793328s
nbiterameliore= 15
f1= 40
f2= 6.536000000000004
f3= 1.1387712676389408
Temps= 0.1473833s
nbiterameliore= 1000
f1= 70
f2= 9.520000000000005
f3= 1.8157092278225608
Temps= 0.1736817s
