fonctionobjectif= 3
pourcentage= 10.0
decroissance= 0.02
nbiterstagnant= 100
nbiterameliore= 10
f1= 40
f2= 7.104000000000005
f3= 1.2029962593458052
Temps= 0.2039676s
nbiterameliore= 15
f1= 30
f2= 7.568000000000001
f3= 1.2357993364620325
Temps= 0.179634s
nbiterameliore= 1000
f1= 50
f2= 9.631999999999998
f3= 1.7225562400107577
Temps= 0.1421059s
