fonctionobjectif= 3
pourcentage= 10.0
decroissance= 0.02
nbiterstagnant= 100
f1= 30
f2= 6.440000000000009
f3= 1.1387712676389408
f1= 40
f2= 6.536000000000004
f3= 1.1387712676389408
f1= 40
f2= 9.184000000000001
f3= 1.5286595435217092
