fonctionobjectif= 3
pourcentage= 10.0
decroissance= 0.02
nbiterstagnant= 100
nbiterameliore= 10
f1= 90
f2= 20.41600000000001
f3= 3.4413950659579906
Temps= 0.2136505s
nbiterameliore= 15
f1= 30
f2= 7.247999999999993
f3= 1.2013325934144965
Temps= 0.2203733s
nbiterameliore= 1000
f1= 100
f2= 21.104000000000013
f3= 3.7206451053547154
Temps= 0.214251s
