fonctionobjectif= 3
pourcentage= 10.0
decroissance= 0.02
nbiterstagnant= 100
f1= 50
f2= 6.240000000000009
f3= 1.2119405926034492
f1= 30
f2= 5.376000000000008
f3= 0.9943842315724842
f1= 60
f2= 9.920000000000005
f3= 1.8190107201443317
