fonctionobjectif= 3
pourcentage= 10.0
decroissance= 0.02
nbiterstagnant= 100
nbiterameliore= 10
f1= 40
f2= 6.6
f3= 1.2409673645990857
Temps= 0.1755264s
nbiterameliore= 15
f1= 40
f2= 5.96
f3= 1.2409673645990857
Temps= 0.1736312s
nbiterameliore= 1000
f1= 80
f2= 8.96
f3= 1.9442222095223582
Temps= 0.1264999s
