fonctionobjectif= 3
pourcentage= 10.0
decroissance= 0.02
nbiterstagnant= 100
f1= 40
f2= 7.104000000000005
f3= 1.2029962593458052
f1= 30
f2= 7.568000000000001
f3= 1.2357993364620325
f1= 60
f2= 9.736000000000004
f3= 1.67547008329006
