fonctionobjectif= 3
pourcentage= 10.0
decroissance= 0.02
nbiterstagnant= 100
f1= 50
f2= 7.413577675968345
f3= 1.421114589732238
f1= 40
f2= 6.272386505622656
f3= 1.1985308916090067
f1= 50
f2= 8.354852144939606
f3= 1.560788199921186
