fonctionobjectif= 3
pourcentage= 10.0
decroissance= 0.02
nbiterstagnant= 100
nbiterameliore= 10
f1= 40
f2= 7.4
f3= 1.2409673645990857
Temps= 0.2165507s
nbiterameliore= 15
f1= 30
f2= 6.2
f3= 1.0295630140987
Temps= 0.1685216s
nbiterameliore= 1000
f1= 60
f2= 9.8
f3= 1.794435844492636
Temps= 0.1530278s
