fonctionobjectif= 3
pourcentage= 10.0
decroissance= 0.02
nbiterstagnant= 100
nbiterameliore= 10
f1= 40
f2= 6.922115785089573
f3= 1.2714846931403219
Temps= 0.2309053s
nbiterameliore= 15
f1= 30
f2= 5.0062473969179955
f3= 1.0166528148199823
Temps= 0.1916554s
nbiterameliore= 1000
f1= 70
f2= 9.446064139941729
f3= 1.8572137969251294
Temps= 0.1586666s
