fonctionobjectif= 3
pourcentage= 10.0
decroissance= 0.02
nbiterstagnant= 100
f1= 30
f2= 6.704000000000005
f3= 1.0987265355856297
f1= 30
f2= 6.4720000000000075
f3= 1.0616967551989598
f1= 50
f2= 9.568000000000001
f3= 1.6514236282674413
