fonctionobjectif= 3
pourcentage= 10.0
decroissance= 0.02
nbiterstagnant= 100
f1= 30
f2= 5.15199999999998
f3= 1.0135087567455943
f1= 40
f2= 5.919999999999982
f3= 1.1946547618454462
f1= 40
f2= 6.319999999999982
f3= 1.2276807402578245
