fonctionobjectif= 3
pourcentage= 10.0
decroissance= 0.02
nbiterstagnant= 100
f1= 20
f2= 5.823999999999996
f3= 0.9015542135667717
f1= 20
f2= 5.6
f3= 0.856037382361308
f1= 60
f2= 10.447999999999993
f3= 1.8365184453198395
