fonctionobjectif= 3
pourcentage= 10.0
decroissance= 0.02
nbiterstagnant= 100
nbiterameliore= 10
f1= 40
f2= 5.90399999999996
f3= 1.1440279716860073
Temps= 0.2061977s
nbiterameliore= 15
f1= 40
f2= 6.239999999999964
f3= 1.1784735890124987
Temps= 0.1880705s
nbiterameliore= 1000
f1= 70
f2= 10.847999999999974
f3= 2.0071870864471
Temps= 0.1519135s
