fonctionobjectif= 3
pourcentage= 10.0
decroissance= 0.02
nbiterstagnant= 100
f1= 30
f2= 6.655999999999994
f3= 1.0914210919713803
f1= 50
f2= 8.103999999999996
f3= 1.4110988625890106
f1= 50
f2= 10.103999999999996
f3= 1.670688480836568
