fonctionobjectif= 3
pourcentage= 10.0
decroissance= 0.02
nbiterstagnant= 100
nbiterameliore= 10
f1= 30
f2= 6.648000000000029
f3= 1.166533325713415
Temps= 0.2417331s
nbiterameliore= 15
f1= 20
f2= 4.128000000000047
f3= 0.8004998438475801
Temps= 0.2208177s
nbiterameliore= 1000
f1= 60
f2= 8.704000000000033
f3= 1.6735590817177624
Temps= 0.1668169s
