fonctionobjectif= 3
pourcentage= 10.0
decroissance= 0.02
nbiterstagnant= 100
f1= 30
f2= 7.0
f3= 1.140175425099138
f1= 40
f2= 9.2
f3= 1.5556349186104046
f1= 50
f2= 9.6
f3= 1.630950643030009
