fonctionobjectif= 3
pourcentage= 10.0
decroissance= 0.02
nbiterstagnant= 100
f1= 40
f2= 6.352000000000044
f3= 1.2185236969382254
f1= 30
f2= 7.568000000000029
f3= 1.3133164127505603
f1= 60
f2= 9.48800000000001
f3= 1.7334358944016361
