fonctionobjectif= 3
pourcentage= 10.0
decroissance= 0.02
nbiterstagnant= 100
nbiterameliore= 10
f1= 20
f2= 5.975554549569943
f3= 0.9715524492285312
Temps= 0.1977045s
nbiterameliore= 15
f1= 30
f2= 6.8266183793571775
f3= 1.1428337511589401
Temps= 0.1816717s
nbiterameliore= 1000
f1= 50
f2= 11.199637845178813
f3= 1.959885897467098
Temps= 0.1536504s
