fonctionobjectif= 3
pourcentage= 10.0
decroissance= 0.02
nbiterstagnant= 100
nbiterameliore= 10
f1= 40
f2= 6.352000000000044
f3= 1.2185236969382254
Temps= 0.2160339s
nbiterameliore= 15
f1= 30
f2= 7.568000000000029
f3= 1.3133164127505603
Temps= 0.2001549s
nbiterameliore= 1000
f1= 70
f2= 10.592000000000008
f3= 1.8452100151473274
Temps= 0.1572253s
