fonctionobjectif= 3
pourcentage= 10.0
decroissance= 0.02
nbiterstagnant= 100
f1= 40
f2= 6.922115785089573
f3= 1.2714846931403219
f1= 30
f2= 5.0062473969179955
f3= 1.0166528148199823
f1= 30
f2= 8.046647230320712
f3= 1.3963766781140579
