fonctionobjectif= 3
pourcentage= 10.0
decroissance= 0.02
nbiterstagnant= 100
f1= 30
f2= 4.608000000000048
f3= 1.0182337649086284
f1= 40
f2= 6.57600000000004
f3= 1.3254433220624713
f1= 50
f2= 7.744000000000033
f3= 1.4686047800548656
