fonctionobjectif= 3
pourcentage= 10.0
decroissance= 0.02
nbiterstagnant= 100
f1= 40
f2= 6.6720000000000255
f3= 1.1852425912023243
f1= 20
f2= 4.560000000000036
f3= 0.7776888838089433
f1= 40
f2= 6.65600000000004
f3= 1.2509196616889513
