fonctionobjectif= 3
pourcentage= 10.0
decroissance= 0.02
nbiterstagnant= 100
f1= 40
f2= 6.687999999999984
f3= 1.2912009913255178
f1= 40
f2= 6.6559999999999855
f3= 1.2912009913255178
f1= 40
f2= 7.791999999999989
f3= 1.3810141201305655
