fonctionobjectif= 3
pourcentage= 10.0
decroissance= 0.02
nbiterstagnant= 100
f1= 40
f2= 6.008000000000011
f3= 1.0233279044372825
f1= 50
f2= 8.472000000000007
f3= 1.444714504668656
f1= 50
f2= 9.504000000000005
f3= 1.6022484201895784
