fonctionobjectif= 3
pourcentage= 10.0
decroissance= 0.02
nbiterstagnant= 100
nbiterameliore= 10
f1= 30
f2= 5.28
f3= 0.9797958971132712
Temps= 0.2237718s
nbiterameliore= 15
f1= 40
f2= 7.44
f3= 1.32664991614216
Temps= 0.178748s
nbiterameliore= 1000
f1= 60
f2= 10.32
f3= 1.8110770276274835
Temps= 0.15031s
