fonctionobjectif= 3
pourcentage= 10.0
decroissance= 0.02
nbiterstagnant= 100
nbiterameliore= 10
f1= 40
f2= 7.047063723448562
f3= 1.197111671582963
Temps= 0.1897137s
nbiterameliore= 15
f1= 40
f2= 7.263640149937522
f3= 1.3290112326578989
Temps= 0.159993s
nbiterameliore= 1000
f1= 40
f2= 8.271553519366929
f3= 1.4774180127486793
Temps= 0.191504s
