fonctionobjectif= 3
pourcentage= 10.0
decroissance= 0.02
nbiterstagnant= 100
nbiterameliore= 10
f1= 30
f2= 4.608000000000048
f3= 1.0182337649086284
Temps= 0.2257329s
nbiterameliore= 15
f1= 40
f2= 6.57600000000004
f3= 1.3254433220624713
Temps= 0.18414s
nbiterameliore= 1000
f1= 50
f2= 8.57600000000004
f3= 1.696113203769135
Temps= 0.1462677s
