fonctionobjectif= 3
pourcentage= 10.0
decroissance= 0.02
nbiterstagnant= 100
f1= 30
f2= 6.783999999999996
f3= 1.1030865786510142
f1= 40
f2= 8.567999999999993
f3= 1.4201408380861387
f1= 40
f2= 6.816000000000003
f3= 1.1387712676389408
