fonctionobjectif= 3
pourcentage= 10.0
decroissance= 0.02
nbiterstagnant= 100
nbiterameliore= 10
f1= 30
f2= 6.704000000000005
f3= 1.0987265355856297
Temps= 0.1662808s
nbiterameliore= 15
f1= 30
f2= 6.4720000000000075
f3= 1.0616967551989598
Temps= 0.166713s
nbiterameliore= 1000
f1= 70
f2= 11.231999999999998
f3= 1.9817164277464119
Temps= 0.1145309s
