fonctionobjectif= 3
pourcentage= 10.0
decroissance= 0.02
nbiterstagnant= 100
nbiterameliore= 10
f1= 30
f2= 6.6559999999999855
f3= 1.1606894502837526
Temps= 0.2566803s
nbiterameliore= 15
f1= 20
f2= 5.15199999999998
f3= 0.9732420048477151
Temps= 0.2358214s
nbiterameliore= 1000
f1= 40
f2= 6.687999999999984
f3= 1.2598412598418898
Temps= 0.1610039s
