fonctionobjectif= 3
pourcentage= 10.0
decroissance= 0.02
nbiterstagnant= 100
nbiterameliore= 10
f1= 20
f2= 5.504000000000032
f3= 0.9802040603874276
Temps= 0.198989s
nbiterameliore= 15
f1= 30
f2= 5.21600000000004
f3= 0.9802040603874278
Temps= 0.1756712s
nbiterameliore= 1000
f1= 60
f2= 8.136000000000022
f3= 1.6972919607421701
Temps= 0.1337549s
