fonctionobjectif= 3
pourcentage= 10.0
decroissance= 0.02
nbiterstagnant= 100
f1= 40
f2= 8.143999999999979
f3= 1.3611759621738844
f1= 30
f2= 7.552000000000008
f3= 1.238063003243373
f1= 30
f2= 6.176000000000004
f3= 0.9863062404750363
