fonctionobjectif= 3
pourcentage= 10.0
decroissance= 0.02
nbiterstagnant= 100
f1= 30
f2= 6.383999999999987
f3= 1.096904736064167
f1= 50
f2= 7.759999999999991
f3= 1.357645019878171
f1= 40
f2= 7.919999999999982
f3= 1.4153444810363305
