fonctionobjectif= 3
pourcentage= 10.0
decroissance= 0.02
nbiterstagnant= 100
f1= 40
f2= 7.047063723448562
f3= 1.197111671582963
f1= 40
f2= 7.263640149937522
f3= 1.3290112326578989
f1= 30
f2= 7.7967513536026605
f3= 1.359988780138846
