fonctionobjectif= 3
pourcentage= 10.0
decroissance= 0.02
nbiterstagnant= 100
nbiterameliore= 10
f1= 40
f2= 7.596834652228228
f3= 1.3077353639653526
Temps= 0.1651695s
nbiterameliore= 15
f1= 60
f2= 10.453977509371086
f3= 1.768120023330182
Temps= 0.1261879s
nbiterameliore= 1000
f1= 60
f2= 9.429404414827136
f3= 1.768120023330182
Temps= 0.1028694s
