fonctionobjectif= 3
pourcentage= 10.0
decroissance= 0.02
nbiterstagnant= 100
nbiterameliore= 10
f1= 20
f2= 4.919999999999982
f3= 0.8804544281222055
Temps= 0.1937072s
nbiterameliore= 15
f1= 40
f2= 7.175999999999985
f3= 1.2865457628860313
Temps= 0.1659129s
nbiterameliore= 1000
f1= 40
f2= 7.9039999999999875
f3= 1.433596874996594
Temps= 0.1265673s
