fonctionobjectif= 3
pourcentage= 10.0
decroissance= 0.02
nbiterstagnant= 100
nbiterameliore= 10
f1= 40
f2= 8.143999999999979
f3= 1.3611759621738844
Temps= 0.1800876s
nbiterameliore= 15
f1= 30
f2= 7.552000000000008
f3= 1.238063003243373
Temps= 0.168452s
nbiterameliore= 1000
f1= 60
f2= 10.752000000000008
f3= 1.8581711438939095
Temps= 0.142469s
