fonctionobjectif= 3
pourcentage= 10.0
decroissance= 0.02
nbiterstagnant= 100
f1= 40
f2= 8.08800000000003
f3= 1.4031393373432306
f1= 40
f2= 7.416000000000022
f3= 1.3449163542763543
f1= 70
f2= 9.680000000000017
f3= 1.7801123560045304
