fonctionobjectif= 3
pourcentage= 10.0
decroissance= 0.02
nbiterstagnant= 100
f1= 30
f2= 6.530612244897959
f3= 1.2580436740753014
f1= 30
f2= 5.3061224489795915
f3= 1.1178011377656452
f1= 60
f2= 9.387755102040817
f3= 1.8480377832933506
