fonctionobjectif= 3
pourcentage= 10.0
decroissance= 0.02
nbiterstagnant= 100
nbiterameliore= 10
f1= 40
f2= 6.687999999999984
f3= 1.2912009913255178
Temps= 0.2815903s
nbiterameliore= 15
f1= 40
f2= 6.6559999999999855
f3= 1.2912009913255178
Temps= 0.2326986s
nbiterameliore= 1000
f1= 50
f2= 8.623999999999988
f3= 1.518947003683802
Temps= 0.1752307s
