fonctionobjectif= 3
pourcentage= 10.0
decroissance= 0.02
nbiterstagnant= 100
nbiterameliore= 10
f1= 40
f2= 6.6720000000000255
f3= 1.1852425912023243
Temps= 0.2879579s
nbiterameliore= 15
f1= 20
f2= 4.560000000000036
f3= 0.7776888838089433
Temps= 0.2334838s
nbiterameliore= 1000
f1= 50
f2= 7.968000000000029
f3= 1.4299650345375583
Temps= 0.1670019s
