fonctionobjectif= 3
pourcentage= 10.0
decroissance= 0.02
nbiterstagnant= 100
nbiterameliore= 10
f1= 30
f2= 6.783999999999996
f3= 1.1030865786510142
Temps= 0.2369699s
nbiterameliore= 15
f1= 40
f2= 8.567999999999993
f3= 1.4201408380861387
Temps= 0.398597s
nbiterameliore= 1000
f1= 40
f2= 8.935999999999986
f3= 1.4753982513206392
Temps= 0.1697772s
