fonctionobjectif= 3
pourcentage= 10.0
decroissance= 0.02
nbiterstagnant= 100
f1= 40
f2= 7.596834652228228
f3= 1.3077353639653526
f1= 60
f2= 10.453977509371086
f3= 1.768120023330182
f1= 70
f2= 8.096626405664276
f3= 1.646133435975873
