fonctionobjectif= 3
pourcentage= 10.0
decroissance= 0.02
nbiterstagnant= 100
nbiterameliore= 10
f1= 20
f2= 5.823999999999996
f3= 0.9015542135667717
Temps= 0.2058432s
nbiterameliore= 15
f1= 20
f2= 5.6
f3= 0.856037382361308
Temps= 0.1770253s
nbiterameliore= 1000
f1= 50
f2= 10.304000000000014
f3= 1.8146073955542008
Temps= 0.1382603s
