fonctionobjectif= 3
pourcentage= 10.0
decroissance= 0.02
nbiterstagnant= 100
f1= 30
f2= 6.648000000000029
f3= 1.166533325713415
f1= 20
f2= 4.128000000000047
f3= 0.8004998438475801
f1= 20
f2= 5.848000000000029
f3= 1.020196059588548
