fonctionobjectif= 3
pourcentage= 10.0
decroissance= 0.02
nbiterstagnant= 100
nbiterameliore= 10
f1= 30
f2= 5.2
f3= 1.058300524425836
Temps= 0.2034737s
nbiterameliore= 15
f1= 30
f2= 6.0
f3= 1.16619037896906
Temps= 0.1786837s
nbiterameliore= 1000
f1= 50
f2= 8.0
f3= 1.5491933384829668
Temps= 0.140288s
