fonctionobjectif= 3
pourcentage= 10.0
decroissance= 0.02
nbiterstagnant= 100
f1= 30
f2= 6.6559999999999855
f3= 1.1606894502837526
f1= 20
f2= 5.15199999999998
f3= 0.9732420048477151
f1= 40
f2= 7.055999999999986
f3= 1.2912009913255178
