fonctionobjectif= 3
pourcentage= 10.0
decroissance= 0.02
nbiterstagnant= 100
f1= 30
f2= 6.303999999999987
f3= 1.0840664186294122
f1= 20
f2= 5.9039999999999875
f3= 1.0075713374247999
f1= 40
f2= 6.631999999999989
f3= 1.1896217886370442
