fonctionobjectif= 3
pourcentage= 10.0
decroissance= 0.02
nbiterstagnant= 100
nbiterameliore= 10
f1= 30
f2= 6.530612244897959
f3= 1.2580436740753014
Temps= 0.19656s
nbiterameliore= 15
f1= 30
f2= 5.3061224489795915
f3= 1.1178011377656452
Temps= 0.1801115s
nbiterameliore= 1000
f1= 60
f2= 7.755102040816326
f3= 1.5808095290642519
Temps= 0.1482656s
