fonctionobjectif= 3
pourcentage= 10.0
decroissance= 0.02
nbiterstagnant= 100
f1= 40
f2= 5.90399999999996
f3= 1.1440279716860073
f1= 40
f2= 6.239999999999964
f3= 1.1784735890124987
f1= 60
f2= 9.647999999999975
f3= 1.7968861956172961
