fonctionobjectif= 3
pourcentage= 10.0
decroissance= 0.02
nbiterstagnant= 100
nbiterameliore= 10
f1= 30
f2= 6.304000000000006
f3= 1.0233279044372825
Temps= 0.1724013s
nbiterameliore= 15
f1= 40
f2= 7.0
f3= 1.1692732785794773
Temps= 0.1848681s
nbiterameliore= 1000
f1= 80
f2= 10.095999999999995
f3= 1.961428051191274
Temps= 0.1496682s
