fonctionobjectif= 3
pourcentage= 10.0
decroissance= 0.02
nbiterstagnant= 100
nbiterameliore= 10
f1= 40
f2= 8.08800000000003
f3= 1.4031393373432306
Temps= 0.2335259s
nbiterameliore= 15
f1= 40
f2= 7.416000000000022
f3= 1.3449163542763543
Temps= 0.140143s
nbiterameliore= 1000
f1= 70
f2= 9.536000000000003
f3= 1.8462935844550834
Temps= 0.1235112s
