fonctionobjectif= 3
pourcentage= 10.0
decroissance= 0.02
nbiterstagnant= 100
nbiterameliore= 10
f1= 30
f2= 5.767999999999993
f3= 0.9037698822156003
Temps= 0.2162651s
nbiterameliore= 15
f1= 30
f2= 7.1199999999999815
f3= 1.1733712115098103
Temps= 0.1761746s
nbiterameliore= 1000
f1= 60
f2= 8.967999999999993
f3= 1.5801265772082944
Temps= 0.1991463s
