fonctionobjectif= 3
pourcentage= 10.0
decroissance= 0.02
nbiterstagnant= 100
f1= 30
f2= 5.767999999999993
f3= 0.9037698822156003
f1= 30
f2= 7.1199999999999815
f3= 1.1733712115098103
f1= 40
f2= 8.783999999999997
f3= 1.4753982513206392
