fonctionobjectif= 3
pourcentage= 10.0
decroissance= 0.02
nbiterstagnant= 100
nbiterameliore= 10
f1= 30
f2= 6.655999999999994
f3= 1.0914210919713803
Temps= 0.2193776s
nbiterameliore= 15
f1= 50
f2= 8.103999999999996
f3= 1.4110988625890106
Temps= 0.1724759s
nbiterameliore= 1000
f1= 60
f2= 8.848000000000003
f3= 1.5972476326481126
Temps= 0.1723361s
