fonctionobjectif= 3
pourcentage= 10.0
decroissance= 0.02
nbiterstagnant= 100
nbiterameliore= 10
f1= 30
f2= 5.15199999999998
f3= 1.0135087567455943
Temps= 0.6646298s
nbiterameliore= 15
f1= 40
f2= 5.919999999999982
f3= 1.1946547618454462
Temps= 0.2596415s
nbiterameliore= 1000
f1= 110
f2= 23.615999999999975
f3= 4.259953051384486
Temps= 0.3689168s
