fonctionobjectif= 3
pourcentage= 10.0
decroissance= 0.02
nbiterstagnant= 100
nbiterameliore= 10
f1= 40
f2= 6.008000000000011
f3= 1.0233279044372825
Temps= 0.1841695s
nbiterameliore= 15
f1= 50
f2= 8.472000000000007
f3= 1.444714504668656
Temps= 0.1540071s
nbiterameliore= 1000
f1= 40
f2= 8.136000000000003
f3= 1.388236291126262
Temps= 0.1311921s
