fonctionobjectif= 3
pourcentage= 10.0
decroissance= 0.02
nbiterstagnant= 100
nbiterameliore= 10
f1= 30
f2= 6.303999999999987
f3= 1.0840664186294122
Temps= 0.2534267s
nbiterameliore= 15
f1= 20
f2= 5.9039999999999875
f3= 1.0075713374247999
Temps= 0.1941749s
nbiterameliore= 1000
f1= 60
f2= 9.503999999999987
f3= 1.7819090885900997
Temps= 0.1472259s
