fonctionobjectif= 3
pourcentage= 10.0
decroissance= 0.02
nbiterstagnant= 100
nbiterameliore= 10
f1= 30
f2= 6.383999999999987
f3= 1.096904736064167
Temps= 0.2471254s
nbiterameliore= 15
f1= 50
f2= 7.759999999999991
f3= 1.357645019878171
Temps= 0.236714s
nbiterameliore= 1000
f1= 50
f2= 9.407999999999983
f3= 1.6979988221432898
Temps= 0.1671546s
