fonctionobjectif= 3
pourcentage= 10.0
decroissance= 0.02
nbiterstagnant= 100
f1= 20
f2= 4.919999999999982
f3= 0.8804544281222055
f1= 40
f2= 7.175999999999985
f3= 1.2865457628860313
f1= 80
f2= 10.95999999999999
f3= 2.053095224289414
