fonctionobjectif= 3
pourcentage= 10.0
decroissance= 0.02
nbiterstagnant= 100
nbiterameliore= 10
f1= 30
f2= 7.0
f3= 1.140175425099138
Temps= 0.1955487s
nbiterameliore= 15
f1= 40
f2= 9.2
f3= 1.5556349186104046
Temps= 0.163397s
nbiterameliore= 1000
f1= 50
f2= 9.2
f3= 1.5297058540778354
Temps= 0.1219022s
