fonctionobjectif= 3
pourcentage= 10.0
decroissance= 0.02
nbiterstagnant= 100
f1= 20
f2= 5.504000000000032
f3= 0.9802040603874276
f1= 30
f2= 5.21600000000004
f3= 0.9802040603874278
f1= 50
f2= 9.504000000000033
f3= 1.6735590817177624
