fonctionobjectif= 3
pourcentage= 10.0
decroissance= 0.02
nbiterstagnant= 100
f1= 20
f2= 5.975554549569943
f3= 0.9715524492285312
f1= 30
f2= 6.8266183793571775
f3= 1.1428337511589401
f1= 40
f2= 7.949298325033952
f3= 1.3598901479778065
