fonctionobjectif= 3
pourcentage= 10.0
decroissance= 0.02
nbiterstagnant= 100
f1= 30
f2= 4.509090909090909
f3= 0.8292184909811912
f1= 40
f2= 6.763636363636364
f3= 1.1894856170033545
f1= 50
f2= 7.127272727272727
f3= 1.3211565181516327
