fonctionobjectif= 3
pourcentage= 10.0
decroissance= 0.02
nbiterstagnant= 100
f1= 30
f2= 5.765289256198367
f3= 0.9514116207647566
f1= 50
f2= 8.35702479338844
f3= 1.4475036154546626
f1= 60
f2= 7.742148760330602
f3= 1.4701640790175965
