fonctionobjectif= 3
pourcentage= 10.0
decroissance= 0.02
nbiterstagnant= 100
f1= 40
f2= 6.499173553719005
f3= 1.0185359478608984
f1= 40
f2= 7.166942148760332
f3= 1.1409988111309557
f1= 40
f2= 6.955371900826449
f3= 1.1116485885939473
