fonctionobjectif= 3
pourcentage= 10.0
decroissance= 0.02
nbiterstagnant= 100
f1= 30
f2= 7.054545454545455
f3= 1.1894856170033545
f1= 30
f2= 7.345454545454546
f3= 1.216960038595019
f1= 60
f2= 7.054545454545455
f3= 1.3459458562415816
