fonctionobjectif= 3
pourcentage= 10.0
decroissance= 0.02
nbiterstagnant= 100
nbiterameliore= 10
f1= 40
f2= 6.10247933884299
f3= 1.0355078386215777
Temps= 0.2100475s
nbiterameliore= 15
f1= 30
f2= 7.166942148760336
f3= 1.1272194068967885
Temps= 0.2014476s
nbiterameliore= 1000
f1= 70
f2= 10.690909090909098
f3= 1.822144442173631
Temps= 0.1692626s
