fonctionobjectif= 3
pourcentage= 10.0
decroissance= 0.02
nbiterstagnant= 100
f1= 30
f2= 6.056198347107428
f3= 0.9695592188660029
f1= 250
f2= 77.86446280991734
f3= 11.378443245836522
f1= 40
f2= 10.0495867768595
f3= 1.5474464557565502
