fonctionobjectif= 3
pourcentage= 10.0
decroissance= 0.02
nbiterstagnant= 100
nbiterameliore= 10
f1= 30
f2= 7.418181818181818
f3= 1.1383618794544383
Temps= 0.2835147s
nbiterameliore= 15
f1= 30
f2= 7.927272727272728
f3= 1.222380822834299
Temps= 0.2682705s
nbiterameliore= 1000
f1= 70
f2= 9.6
f3= 1.774008860749159
Temps= 0.2475883s
