fonctionobjectif= 3
pourcentage= 10.0
decroissance= 0.02
nbiterstagnant= 100
f1= 40
f2= 6.611796982167351
f3= 1.0527059458672003
f1= 50
f2= 8.552812071330596
f3= 1.438196539838055
f1= 40
f2= 8.984910836762682
f3= 1.4851207016436203
