fonctionobjectif= 3
pourcentage= 10.0
decroissance= 0.02
nbiterstagnant= 100
nbiterameliore= 10
f1= 30
f2= 6.995884773662552
f3= 1.0929587166435664
Temps= 0.2599319s
nbiterameliore= 15
f1= 30
f2= 6.481481481481482
f3= 0.9943829440485812
Temps= 0.2190993s
nbiterameliore= 1000
f1= 80
f2= 9.670781893004115
f3= 1.7649356117896045
Temps= 0.1880268s
