fonctionobjectif= 3
pourcentage= 10.0
decroissance= 0.02
nbiterstagnant= 100
nbiterameliore= 10
f1= 40
f2= 7.266115702479349
f3= 1.2248368848300866
Temps= 0.3757356s
nbiterameliore= 15
f1= 30
f2= 6.049586776859521
f3= 0.9855454198592575
Temps= 0.3435786s
nbiterameliore= 1000
f1= 60
f2= 8.720661157024804
f3= 1.4924805264099754
Temps= 0.2525217s
