fonctionobjectif= 3
pourcentage= 10.0
decroissance= 0.02
nbiterstagnant= 100
f1= 40
f2= 5.838016528925656
f3= 1.0208936731171705
f1= 50
f2= 8.026446280991749
f3= 1.3790315529537653
f1= 60
f2= 9.838016528925655
f3= 1.7010183894456157
