fonctionobjectif= 3
pourcentage= 10.0
decroissance= 0.02
nbiterstagnant= 100
f1= 30
f2= 6.525619834710754
f3= 1.0731334152014547
f1= 110
f2= 30.11570247933886
f3= 4.765011472712988
f1= 50
f2= 8.396694214876044
f3= 1.4864274507998567
