fonctionobjectif= 3
pourcentage= 10.0
decroissance= 0.02
nbiterstagnant= 100
nbiterameliore= 10
f1= 30
f2= 7.054545454545455
f3= 1.1894856170033545
Temps= 0.2767673s
nbiterameliore= 15
f1= 30
f2= 7.345454545454546
f3= 1.216960038595019
Temps= 0.2262042s
nbiterameliore= 1000
f1= 50
f2= 9.309090909090909
f3= 1.6139884379034288
Temps= 0.1973428s
