fonctionobjectif= 3
pourcentage= 10.0
decroissance= 0.02
nbiterstagnant= 100
nbiterameliore= 10
f1= 20
f2= 5.454545454545454
f3= 0.9958591954639384
Temps= 0.2446349s
nbiterameliore= 15
f1= 20
f2= 3.6363636363636362
f3= 0.8131156281817418
Temps= 0.2312522s
nbiterameliore= 1000
f1= 50
f2= 7.2727272727272725
f3= 1.4770978917519928
Temps= 0.1698414s
