fonctionobjectif= 3
pourcentage= 10.0
decroissance= 0.02
nbiterstagnant= 100
nbiterameliore= 10
f1= 40
f2= 6.247933884297531
f3= 1.1341300362584095
Temps= 0.3967895s
nbiterameliore= 15
f1= 40
f2= 6.644628099173558
f3= 1.1045973187837106
Temps= 0.3515725s
nbiterameliore= 1000
f1= 50
f2= 8.363636363636369
f3= 1.5092999954725979
Temps= 0.2848066s
