fonctionobjectif= 3
pourcentage= 10.0
decroissance= 0.02
nbiterstagnant= 100
nbiterameliore= 10
f1= 40
f2= 6.611796982167351
f3= 1.0527059458672003
Temps= 0.2950614s
nbiterameliore= 15
f1= 50
f2= 8.552812071330596
f3= 1.438196539838055
Temps= 0.254408s
nbiterameliore= 1000
f1= 60
f2= 9.204389574759944
f3= 1.596408164151998
Temps= 0.2183628s
