fonctionobjectif= 3
pourcentage= 10.0
decroissance= 0.02
nbiterstagnant= 100
nbiterameliore= 10
f1= 30
f2= 6.684297520661171
f3= 1.1330696058850998
Temps= 0.2271682s
nbiterameliore= 15
f1= 40
f2= 6.267768595041335
f3= 1.1330696058850998
Temps= 0.2340747s
nbiterameliore= 1000
f1= 50
f2= 9.12396694214877
f3= 1.5517131416371317
Temps= 0.1895529s
