fonctionobjectif= 3
pourcentage= 10.0
decroissance= 0.02
nbiterstagnant= 100
f1= 30
f2= 6.684297520661171
f3= 1.1330696058850998
f1= 40
f2= 6.267768595041335
f3= 1.1330696058850998
f1= 50
f2= 8.191735537190098
f3= 1.4412616561654175
