fonctionobjectif= 3
pourcentage= 10.0
decroissance= 0.02
nbiterstagnant= 100
nbiterameliore= 10
f1= 30
f2= 6.571900826446303
f3= 1.1116485885939473
Temps= 0.393361s
nbiterameliore= 15
f1= 30
f2= 6.6512396694215115
f3= 1.1409988111309557
Temps= 0.3673943s
nbiterameliore= 1000
f1= 70
f2= 10.254545454545466
f3= 1.7757021023875996
Temps= 0.2570952s
