fonctionobjectif= 3
pourcentage= 10.0
decroissance= 0.02
nbiterstagnant= 100
nbiterameliore= 10
f1= 30
f2= 6.479338842975209
f3= 0.989805284071396
Temps= 0.2741031s
nbiterameliore= 15
f1= 40
f2= 6.115702479338845
f3= 0.9558236227967576
Temps= 0.2414633s
nbiterameliore= 1000
f1= 70
f2= 9.256198347107429
f3= 1.7020781040470747
Temps= 0.2607099s
