fonctionobjectif= 3
pourcentage= 10.0
decroissance= 0.02
nbiterstagnant= 100
f1= 40
f2= 6.247933884297531
f3= 1.1341300362584095
f1= 40
f2= 6.644628099173558
f3= 1.1045973187837106
f1= 80
f2= 9.35537190082645
f3= 1.7712963073876118
