fonctionobjectif= 3
pourcentage= 10.0
decroissance= 0.02
nbiterstagnant= 100
nbiterameliore= 10
f1= 30
f2= 5.130578512396716
f3= 0.9763545561853652
Temps= 0.2561494s
nbiterameliore= 15
f1= 30
f2= 5.646280991735553
f3= 0.9763545561853652
Temps= 0.2032177s
nbiterameliore= 1000
f1= 60
f2= 7.980165289256208
f3= 1.4864274507998567
Temps= 0.1682179s
