fonctionobjectif= 3
pourcentage= 10.0
decroissance= 0.02
nbiterstagnant= 100
nbiterameliore= 10
f1= 30
f2= 5.685950413223157
f3= 0.8667841720414475
Temps= 0.3374015s
nbiterameliore= 15
f1= 40
f2= 6.578512396694247
f3= 1.101873276859435
Temps= 0.311467s
nbiterameliore= 1000
f1= 70
f2= 9.553719008264476
f3= 1.6537188017561337
Temps= 0.2564883s
