fonctionobjectif= 3
pourcentage= 10.0
decroissance= 0.02
nbiterstagnant= 100
f1= 30
f2= 5.157024793388411
f3= 0.9763545561853652
f1= 40
f2= 5.520661157024775
f3= 1.0418731325562625
f1= 40
f2= 9.745454545454537
f3= 1.593751887493174
