fonctionobjectif= 3
pourcentage= 10.0
decroissance= 0.02
nbiterstagnant= 100
f1= 30
f2= 6.730578512396675
f3= 1.0870454999023738
f1= 30
f2= 6.314049586776822
f3= 1.0870454999023738
f1= 50
f2= 10.4198347107438
f3= 1.7031371592801359
