fonctionobjectif= 3
pourcentage= 10.0
decroissance= 0.02
nbiterstagnant= 100
nbiterameliore= 10
f1= 30
f2= 5.157024793388411
f3= 0.9763545561853652
Temps= 0.3461867s
nbiterameliore= 15
f1= 40
f2= 5.520661157024775
f3= 1.0418731325562625
Temps= 0.3403135s
nbiterameliore= 1000
f1= 70
f2= 8.813223140495847
f3= 1.7706175197377054
Temps= 0.2457953s
