fonctionobjectif= 3
pourcentage= 10.0
decroissance= 0.02
nbiterstagnant= 100
f1= 30
f2= 5.685950413223157
f3= 0.8667841720414475
f1= 40
f2= 6.578512396694247
f3= 1.101873276859435
f1= 70
f2= 8.727272727272748
f3= 1.5505506644044396
