fonctionobjectif= 3
pourcentage= 10.0
decroissance= 0.02
nbiterstagnant= 100
f1= 20
f2= 5.454545454545454
f3= 0.9958591954639384
f1= 20
f2= 3.6363636363636362
f3= 0.8131156281817418
f1= 50
f2= 9.090909090909092
f3= 1.5640591394622958
