fonctionobjectif= 3
pourcentage= 10.0
decroissance= 0.02
nbiterstagnant= 100
f1= 40
f2= 6.008230452674946
f3= 1.1133950006970108
f1= 30
f2= 5.6378600823045755
f3= 1.0168023951115914
f1= 30
f2= 5.939643347050799
f3= 1.0499877219895533
