fonctionobjectif= 3
pourcentage= 10.0
decroissance= 0.02
nbiterstagnant= 100
nbiterameliore= 10
f1= 30
f2= 6.525619834710754
f3= 1.0731334152014547
Temps= 0.5552063s
nbiterameliore= 15
f1= 110
f2= 30.11570247933886
f3= 4.765011472712988
Temps= 0.969489s
nbiterameliore= 1000
f1= 70
f2= 8.191735537190098
f3= 1.614360796528271
Temps= 0.2453277s
