fonctionobjectif= 3
pourcentage= 10.0
decroissance= 0.02
nbiterstagnant= 100
nbiterameliore= 10
f1= 40
f2= 6.008230452674946
f3= 1.1133950006970108
Temps= 0.3236289s
nbiterameliore= 15
f1= 30
f2= 5.6378600823045755
f3= 1.0168023951115914
Temps= 0.2767501s
nbiterameliore= 1000
f1= 80
f2= 9.945130315500727
f3= 1.9079300627701448
Temps= 0.2267621s
