fonctionobjectif= 3
pourcentage= 10.0
decroissance= 0.02
nbiterstagnant= 100
nbiterameliore= 10
f1= 30
f2= 5.236363636363661
f3= 1.0418731325562622
Temps= 0.2275359s
nbiterameliore= 15
f1= 50
f2= 7.72231404958679
f3= 1.3463923468348025
Temps= 0.1916853s
nbiterameliore= 1000
f1= 70
f2= 10.267768595041336
f3= 1.8616296392136642
Temps= 0.1863513s
