fonctionobjectif= 3
pourcentage= 10.0
decroissance= 0.02
nbiterstagnant= 100
nbiterameliore= 10
f1= 30
f2= 5.765289256198367
f3= 0.9514116207647566
Temps= 0.2864943s
nbiterameliore= 15
f1= 50
f2= 8.35702479338844
f3= 1.4475036154546626
Temps= 0.2464247s
nbiterameliore= 1000
f1= 70
f2= 9.811570247933895
f3= 1.7189446904963885
Temps= 0.2147067s
