fonctionobjectif= 3
pourcentage= 10.0
decroissance= 0.02
nbiterstagnant= 100
f1= 40
f2= 6.10247933884299
f3= 1.0355078386215777
f1= 30
f2= 7.166942148760336
f3= 1.1272194068967885
f1= 70
f2= 11.404958677685954
f3= 1.9786994947334227
