fonctionobjectif= 3
pourcentage= 10.0
decroissance= 0.02
nbiterstagnant= 100
nbiterameliore= 10
f1= 30
f2= 4.509090909090909
f3= 0.8292184909811912
Temps= 0.3293937s
nbiterameliore= 15
f1= 40
f2= 6.763636363636364
f3= 1.1894856170033545
Temps= 0.3241514s
nbiterameliore= 1000
f1= 60
f2= 9.163636363636364
f3= 1.6343421857632168
Temps= 0.2338844s
