fonctionobjectif= 3
pourcentage= 10.0
decroissance= 0.02
nbiterstagnant= 100
f1= 40
f2= 7.266115702479349
f3= 1.2248368848300866
f1= 30
f2= 6.049586776859521
f3= 0.9855454198592575
f1= 60
f2= 8.515702479338858
f3= 1.4701640790175967
