fonctionobjectif= 3
pourcentage= 10.0
decroissance= 0.02
nbiterstagnant= 100
f1= 30
f2= 6.571900826446303
f3= 1.1116485885939473
f1= 30
f2= 6.6512396694215115
f3= 1.1409988111309557
f1= 50
f2= 8.35702479338844
f3= 1.4475036154546626
