fonctionobjectif= 3
pourcentage= 10.0
decroissance= 0.02
nbiterstagnant= 100
f1= 30
f2= 5.130578512396716
f3= 0.9763545561853652
f1= 30
f2= 5.646280991735553
f3= 0.9763545561853652
f1= 50
f2= 9.176859504132244
f3= 1.5517131416371317
