fonctionobjectif= 3
pourcentage= 10.0
decroissance= 0.02
nbiterstagnant= 100
f1= 40
f2= 7.200000000000008
f3= 1.2174538345328059
f1= 40
f2= 6.631404958677699
f3= 1.1330696058850998
f1= 40
f2= 5.282644628099189
f3= 1.0096454436401228
