fonctionobjectif= 3
pourcentage= 10.0
decroissance= 0.02
nbiterstagnant= 100
nbiterameliore= 10
f1= 40
f2= 7.200000000000008
f3= 1.2174538345328059
Temps= 0.279234s
nbiterameliore= 15
f1= 40
f2= 6.631404958677699
f3= 1.1330696058850998
Temps= 0.2759038s
nbiterameliore= 1000
f1= 50
f2= 9.018181818181827
f3= 1.5085033208351577
Temps= 0.2014241s
