fonctionobjectif= 3
pourcentage= 10.0
decroissance= 0.02
nbiterstagnant= 100
f1= 30
f2= 6.479338842975209
f3= 0.989805284071396
f1= 40
f2= 6.115702479338845
f3= 0.9558236227967576
f1= 30
f2= 6.8099173553719
f3= 1.0544884567098562
