fonctionobjectif= 3
pourcentage= 10.0
decroissance= 0.02
nbiterstagnant= 100
nbiterameliore= 10
f1= 40
f2= 8.165289256198342
f3= 1.2691804178811548
Temps= 0.3237219s
nbiterameliore= 15
f1= 40
f2= 7.93388429752066
f3= 1.3202463172043541
Temps= 0.2702388s
nbiterameliore= 1000
f1= 60
f2= 9.322314049586794
f3= 1.633606492642094
Temps= 0.2209318s
