fonctionobjectif= 3
pourcentage= 10.0
decroissance= 0.02
nbiterstagnant= 100
f1= 30
f2= 7.418181818181818
f3= 1.1383618794544383
f1= 30
f2= 7.927272727272728
f3= 1.222380822834299
f1= 40
f2= 8.50909090909091
f3= 1.3508491360732153
