fonctionobjectif= 3
pourcentage= 10.0
decroissance= 0.02
nbiterstagnant= 100
f1= 30
f2= 4.7471074380165605
f3= 0.7572340827300921
f1= 30
f2= 5.732231404958706
f3= 0.9507796634577217
f1= 70
f2= 8.32396694214878
f3= 1.6398493636267104
