fonctionobjectif= 3
pourcentage= 10.0
decroissance= 0.02
nbiterstagnant= 100
f1= 40
f2= 7.490909090909091
f3= 1.216960038595019
f1= 30
f2= 5.890909090909091
f3= 0.97573875381809
f1= 20
f2= 5.818181818181818
f3= 0.9412493894941661
