fonctionobjectif= 3
pourcentage= 10.0
decroissance= 0.02
nbiterstagnant= 100
nbiterameliore= 10
f1= 40
f2= 8.581818181818186
f3= 1.4282751651582983
Temps= 0.4291325s
nbiterameliore= 15
f1= 30
f2= 7.662809917355377
f3= 1.2020518396033986
Temps= 0.3887924s
nbiterameliore= 1000
f1= 60
f2= 9.328925619834713
f3= 1.6232717793770743
Temps= 0.2337356s
