fonctionobjectif= 3
pourcentage= 10.0
decroissance= 0.02
nbiterstagnant= 100
nbiterameliore= 10
f1= 30
f2= 6.056198347107428
f3= 0.9695592188660029
Temps= 0.3430655s
nbiterameliore= 15
f1= 250
f2= 77.86446280991734
f3= 11.378443245836522
Temps= 0.2766434s
nbiterameliore= 1000
f1= 60
f2= 8.965289256198337
f3= 1.7098292760589342
Temps= 0.332665s
