fonctionobjectif= 3
pourcentage= 10.0
decroissance= 0.02
nbiterstagnant= 100
f1= 30
f2= 6.995884773662552
f3= 1.0929587166435664
f1= 30
f2= 6.481481481481482
f3= 0.9943829440485812
f1= 50
f2= 9.135802469135806
f3= 1.491095349281625
