fonctionobjectif= 3
pourcentage= 10.0
decroissance= 0.02
nbiterstagnant= 100
f1= 30
f2= 5.236363636363661
f3= 1.0418731325562622
f1= 50
f2= 7.72231404958679
f3= 1.3463923468348025
f1= 50
f2= 9.9504132231405
f3= 1.7136917149137667
