fonctionobjectif= 3
pourcentage= 10.0
decroissance= 0.02
nbiterstagnant= 100
nbiterameliore= 10
f1= 40
f2= 7.490909090909091
f3= 1.216960038595019
Temps= 0.3467953s
nbiterameliore= 15
f1= 30
f2= 5.890909090909091
f3= 0.97573875381809
Temps= 0.312408s
nbiterameliore= 1000
f1= 60
f2= 8.290909090909091
f3= 1.4636081307271351
Temps= 0.2705663s
