fonctionobjectif= 3
pourcentage= 10.0
decroissance= 0.02
nbiterstagnant= 100
f1= 40
f2= 8.581818181818186
f3= 1.4282751651582983
f1= 30
f2= 7.662809917355377
f3= 1.2020518396033986
f1= 40
f2= 7.127272727272731
f3= 1.145729994429419
