fonctionobjectif= 3
pourcentage= 10.0
decroissance= 0.02
nbiterstagnant= 100
f1= 40
f2= 8.165289256198342
f3= 1.2691804178811548
f1= 40
f2= 7.93388429752066
f3= 1.3202463172043541
f1= 30
f2= 5.91735537190084
f3= 0.9041186334662705
