fonctionobjectif= 3
pourcentage= 10.0
decroissance= 0.02
nbiterstagnant= 100
f1= 20
f2= 4.363636363636363
f3= 0.7452327829788798
f1= 40
f2= 5.090909090909091
f3= 0.9412493894941661
f1= 40
f2= 6.836363636363636
f3= 1.216960038595019
