fonctionobjectif= 3
pourcentage= 10.0
decroissance= 0.02
nbiterstagnant= 100
nbiterameliore= 10
f1= 40
f2= 6.499173553719005
f3= 1.0185359478608984
Temps= 1.035553s
nbiterameliore= 15
f1= 40
f2= 7.166942148760332
f3= 1.1409988111309557
Temps= 0.9499647s
nbiterameliore= 1000
f1= 150
f2= 34.68429752066117
f3= 5.770777962025766
Temps= 0.8361302s
