fonctionobjectif= 3
pourcentage= 10.0
decroissance= 0.02
nbiterstagnant= 100
nbiterameliore= 10
f1= 40
f2= 5.838016528925656
f3= 1.0208936731171705
Temps= 0.2017456s
nbiterameliore= 15
f1= 50
f2= 8.026446280991749
f3= 1.3790315529537653
Temps= 0.1907463s
nbiterameliore= 1000
f1= 70
f2= 9.5338842975207
f3= 1.8320135039315426
Temps= 0.1541808s
