fonctionobjectif= 3
pourcentage= 10.0
decroissance= 0.02
nbiterstagnant= 100
f1= 40
f2= 6.728395061728423
f3= 1.2213801813215666
f1= 30
f2= 4.753086419753125
f3= 0.897718492114135
f1= 60
f2= 9.135802469135822
f3= 1.712337223046938
