fonctionobjectif= 3
pourcentage= 10.0
decroissance= 0.02
nbiterstagnant= 100
nbiterameliore= 10
f1= 30
f2= 6.730578512396675
f3= 1.0870454999023738
Temps= 0.3364994s
nbiterameliore= 15
f1= 30
f2= 6.314049586776822
f3= 1.0870454999023738
Temps= 0.2431423s
nbiterameliore= 1000
f1= 110
f2= 15.841322314049615
f3= 3.1687808461756086
Temps= 0.2060416s
