fonctionobjectif= 3
pourcentage= 10.0
decroissance= 0.02
nbiterstagnant= 100
nbiterameliore= 10
f1= 40
f2= 6.728395061728423
f3= 1.2213801813215666
Temps= 0.3137485s
nbiterameliore= 15
f1= 30
f2= 4.753086419753125
f3= 0.897718492114135
Temps= 0.2478736s
nbiterameliore= 1000
f1= 70
f2= 8.209876543209887
f3= 1.5438270370863951
Temps= 0.1773252s
