fonctionobjectif= 3
pourcentage= 10.0
decroissance= 0.02
nbiterstagnant= 100
nbiterameliore= 10
f1= 30
f2= 4.7471074380165605
f3= 0.7572340827300921
Temps= 0.2972013s
nbiterameliore= 15
f1= 30
f2= 5.732231404958706
f3= 0.9507796634577217
Temps= 0.2857678s
nbiterameliore= 1000
f1= 80
f2= 9.566942148760344
f3= 1.7566445714096408
Temps= 0.1931822s
