fonctionobjectif= 3
pourcentage= 10.0
decroissance= 0.02
nbiterstagnant= 100
f1= 1830
f2= 403.15835444143596
f3= 32.745427382172394
f1= 1920
f2= 407.56834658048734
f3= 33.00255173508336
f1= 1920
f2= 355.14455410952917
f3= 31.708820837771093
