fonctionobjectif= 3
pourcentage= 10.0
decroissance= 0.02
nbiterstagnant= 100
nbiterameliore= 10
f1= 40
f2= 3.6123837290018015
f3= 0.4974337761737503
Temps= 6.9045093s
nbiterameliore= 15
f1= 30
f2= 3.584617520477576
f3= 0.4686940933639453
Temps= 6.6218561s
nbiterameliore= 1000
f1= 50
f2= 3.8733860891295255
f3= 0.6289092201113095
Temps= 5.6492024s
