fonctionobjectif= 3
pourcentage= 10.0
decroissance= 0.02
nbiterstagnant= 100
nbiterameliore= 10
f1= 1380
f2= 257.4090775414174
f3= 22.70668433411145
Temps= 19.9570857s
nbiterameliore= 15
f1= 1390
f2= 285.0039211841975
f3= 24.225012554803172
Temps= 8.3938382s
nbiterameliore= 1000
f1= 1430
f2= 253.38300166650316
f3= 23.43330190858085
Temps= 14.0597729s
