fonctionobjectif= 3
pourcentage= 10.0
decroissance= 0.02
nbiterstagnant= 100
f1= 40
f2= 3.6123837290018015
f3= 0.4974337761737503
f1= 30
f2= 3.584617520477576
f3= 0.4686940933639453
f1= 110
f2= 5.878106344578646
f3= 0.9413092784710427
