fonctionobjectif= 3
pourcentage= 10.0
decroissance= 0.02
nbiterstagnant= 100
f1= 2340
f2= 513.2125460115938
f3= 40.92950564660922
f1= 2370
f2= 512.5552690162887
f3= 41.007785891925074
f1= 2360
f2= 513.6820295796689
f3= 40.943666353083955
