fonctionobjectif= 3
pourcentage= 10.0
decroissance= 0.02
nbiterstagnant= 100
nbiterameliore= 10
f1= 2150
f2= 517.4794238683127
f3= 41.33768876533847
Temps= 32.719924s
nbiterameliore= 15
f1= 2200
f2= 525.0668724279834
f3= 41.82674582244126
Temps= 20.6480793s
nbiterameliore= 1000
f1= 2340
f2= 522.2453703703702
f3= 41.801885357671075
Temps= 11.7674329s
