fonctionobjectif= 3
pourcentage= 10.0
decroissance= 0.02
nbiterstagnant= 100
f1= 30
f2= 3.936669444322629
f3= 0.47112711025365445
f1= 30
f2= 3.936669444322629
f3= 0.47112711025365445
f1= 60
f2= 4.5164685759396646
f3= 0.6091609153962204
