fonctionobjectif= 3
pourcentage= 10.0
decroissance= 0.02
nbiterstagnant= 100
nbiterameliore= 10
f1= 20
f2= 5.0969529085872525
f3= 0.6193706977516903
Temps= 0.7410326s
nbiterameliore= 15
f1= 50
f2= 5.567867036011074
f3= 0.7912030919438825
Temps= 0.6416812s
nbiterameliore= 1000
f1= 50
f2= 6.620498614958443
f3= 0.9318715599103258
Temps= 0.5020046s
