fonctionobjectif= 3
pourcentage= 10.0
decroissance= 0.02
nbiterstagnant= 100
nbiterameliore= 10
f1= 1830
f2= 403.15835444143596
f3= 32.745427382172394
Temps= 14.8615259s
nbiterameliore= 15
f1= 1920
f2= 407.56834658048734
f3= 33.00255173508336
Temps= 13.5676887s
nbiterameliore= 1000
f1= 2000
f2= 383.46318455760314
f3= 32.34406378423209
Temps= 12.2079738s
