fonctionobjectif= 3
pourcentage= 10.0
decroissance= 0.02
nbiterstagnant= 100
nbiterameliore= 10
f1= 1270
f2= 257.003121748179
f3= 20.146787027903425
Temps= 4.4245054s
nbiterameliore= 15
f1= 1180
f2= 256.44120707596255
f3= 20.140356096286496
Temps= 4.7648267s
nbiterameliore= 1000
f1= 1330
f2= 256.5422922550914
f3= 20.356094696919037
Temps= 0.7878691s
