fonctionobjectif= 3
pourcentage= 10.0
decroissance= 0.02
nbiterstagnant= 100
f1= 50
f2= 5.135109776693591
f3= 0.5709482445575327
f1= 20
f2= 4.433289547757577
f3= 0.41935655933747906
f1= 50
f2= 6.569712891724546
f3= 0.7034693446272428
