fonctionobjectif= 3
pourcentage= 10.0
decroissance= 0.02
nbiterstagnant= 100
nbiterameliore= 10
f1= 2340
f2= 513.2125460115938
f3= 40.92950564660922
Temps= 11.3803504s
nbiterameliore= 15
f1= 2370
f2= 512.5552690162887
f3= 41.007785891925074
Temps= 10.5175748s
nbiterameliore= 1000
f1= 2500
f2= 515.5273424585068
f3= 41.294558028361635
Temps= 1.866206s
