fonctionobjectif= 3
pourcentage= 10.0
decroissance= 0.02
nbiterstagnant= 100
nbiterameliore= 10
f1= 50
f2= 4.250690759177214
f3= 0.6388115226466548
Temps= 5.3657419s
nbiterameliore= 15
f1= 70
f2= 4.940134204640135
f3= 0.7041275541710073
Temps= 4.5821796s
nbiterameliore= 1000
f1= 90
f2= 5.198894785316417
f3= 0.8404241162216504
Temps= 3.7818718s
