fonctionobjectif= 3
pourcentage= 10.0
decroissance= 0.02
nbiterstagnant= 100
f1= 60
f2= 5.245730945439395
f3= 0.4297665601365612
f1= 30
f2= 5.360266555601834
f3= 0.4048143275854289
f1= 60
f2= 6.247396917950839
f3= 0.574866846290338
