fonctionobjectif= 3
pourcentage= 10.0
decroissance= 0.02
nbiterstagnant= 100
nbiterameliore= 10
f1= 60
f2= 3.8999547306473037
f3= 0.5475849365052498
Temps= 13.2526127s
nbiterameliore= 15
f1= 30
f2= 2.6335445903123036
f3= 0.3834908049739794
Temps= 12.5451482s
nbiterameliore= 1000
f1= 70
f2= 2.528293345405105
f3= 0.5045591244236907
Temps= 11.0088037s
