fonctionobjectif= 3
pourcentage= 10.0
decroissance= 0.02
nbiterstagnant= 100
f1= 5000
f2= 942.3557422340019
f3= 76.59670174770133
f1= 4340
f2= 942.3557422340019
f3= 75.70139422596844
f1= 4880
f2= 942.1661687742862
f3= 76.36163076407837
