fonctionobjectif= 3
pourcentage= 10.0
decroissance= 0.02
nbiterstagnant= 100
f1= 60
f2= 3.8999547306473037
f3= 0.5475849365052498
f1= 30
f2= 2.6335445903123036
f3= 0.3834908049739794
f1= 60
f2= 4.960389316432729
f3= 0.6769726707603183
