fonctionobjectif= 3
pourcentage= 10.0
decroissance= 0.02
nbiterstagnant= 100
nbiterameliore= 10
f1= 40
f2= 5.165
f3= 0.44581386250317523
Temps= 17.0322538s
nbiterameliore= 15
f1= 70
f2= 5.32
f3= 0.5135659646043534
Temps= 14.4613529s
nbiterameliore= 1000
f1= 70
f2= 6.14
f3= 0.5645794895318107
Temps= 27.3980907s
