fonctionobjectif= 3
pourcentage= 10.0
decroissance= 0.02
nbiterstagnant= 100
f1= 1350
f2= 221.34545632781087
f3= 21.87403239554814
f1= 1460
f2= 234.23929026566014
f3= 22.84578335517735
f1= 1480
f2= 245.96069012841866
f3= 23.309958971896254
