fonctionobjectif= 3
pourcentage= 10.0
decroissance= 0.02
nbiterstagnant= 100
nbiterameliore= 10
f1= 2030
f2= 375.11450963940416
f3= 29.06285235866435
Temps= 3.5908729s
nbiterameliore= 15
f1= 2030
f2= 376.67969718350133
f3= 29.051367790615192
Temps= 2.9832819s
nbiterameliore= 1000
f1= 2030
f2= 377.54619477126664
f3= 29.126296625438968
Temps= 0.9019751s
