fonctionobjectif= 3
pourcentage= 10.0
decroissance= 0.02
nbiterstagnant= 100
nbiterameliore= 10
f1= 60
f2= 1.594990548204196
f3= 0.36825632776518263
Temps= 10.6005988s
nbiterameliore= 15
f1= 30
f2= 2.1313799621928524
f3= 0.34335201431887524
Temps= 10.4376739s
nbiterameliore= 1000
f1= 60
f2= 3.2041587901701654
f3= 0.47971937771075696
Temps= 10.773969s
