fonctionobjectif= 3
pourcentage= 10.0
decroissance= 0.02
nbiterstagnant= 100
f1= 1270
f2= 257.003121748179
f3= 20.146787027903425
f1= 1180
f2= 256.44120707596255
f3= 20.140356096286496
f1= 1330
f2= 256.5244536940687
f3= 20.298949014679174
