fonctionobjectif= 3
pourcentage= 10.0
decroissance= 0.02
nbiterstagnant= 100
f1= 30
f2= 4.727197001249514
f3= 0.39525278751877296
f1= 50
f2= 5.302998750520638
f3= 0.4620525631598384
f1= 80
f2= 6.2552061640983005
f3= 0.6290535069155959
