fonctionobjectif= 3
pourcentage= 10.0
decroissance= 0.02
nbiterstagnant= 100
nbiterameliore= 10
f1= 5000
f2= 942.3557422340019
f3= 76.59670174770133
Temps= 4.5244929s
nbiterameliore= 15
f1= 4340
f2= 942.3557422340019
f3= 75.70139422596844
Temps= 12.4345353s
nbiterameliore= 1000
f1= 5040
f2= 941.9765953145707
f3= 76.5014857906783
Temps= 4.0623346s
