fonctionobjectif= 3
pourcentage= 10.0
decroissance= 0.02
nbiterstagnant= 100
f1= 50
f2= 4.250690759177214
f3= 0.6388115226466548
f1= 70
f2= 4.940134204640135
f3= 0.7041275541710073
f1= 100
f2= 5.320819262313041
f3= 0.8507971469993793
