fonctionobjectif= 3
pourcentage= 10.0
decroissance= 0.02
nbiterstagnant= 100
f1= 10
f2= 4.984809969619937
f3= 0.44300379344725593
f1= 20
f2= 5.150970301940602
f3= 0.47016211098807
f1= 50
f2= 6.765453530907053
f3= 0.7371926854018886
