fonctionobjectif= 3
pourcentage= 10.0
decroissance= 0.02
nbiterstagnant= 100
f1= 1380
f2= 257.4090775414174
f3= 22.70668433411145
f1= 1390
f2= 285.0039211841975
f3= 24.225012554803172
f1= 1480
f2= 272.062542887952
f3= 24.029785439024852
