fonctionobjectif= 3
pourcentage= 10.0
decroissance= 0.02
nbiterstagnant= 100
f1= 50
f2= 6.404786680541109
f3= 0.71649712582454
f1= 50
f2= 5.390218522372541
f3= 0.6085129468178139
f1= 80
f2= 7.593652445369413
f3= 0.9505717509411664
