fonctionobjectif= 3
pourcentage= 10.0
decroissance= 0.02
nbiterstagnant= 100
nbiterameliore= 10
f1= 50
f2= 6.404786680541109
f3= 0.71649712582454
Temps= 3.1896969s
nbiterameliore= 15
f1= 50
f2= 5.390218522372541
f3= 0.6085129468178139
Temps= 2.6990833s
nbiterameliore= 1000
f1= 80
f2= 6.925078043704484
f3= 0.8417109910777515
Temps= 2.0978781s
