fonctionobjectif= 3
pourcentage= 10.0
decroissance= 0.02
nbiterstagnant= 100
f1= 20
f2= 5.0969529085872525
f3= 0.6193706977516903
f1= 50
f2= 5.567867036011074
f3= 0.7912030919438825
f1= 40
f2= 5.837950138504152
f3= 0.7690099439671743
