fonctionobjectif= 3
pourcentage= 10.0
decroissance= 0.02
nbiterstagnant= 100
f1= 2030
f2= 375.11450963940416
f3= 29.06285235866435
f1= 2030
f2= 376.67969718350133
f3= 29.051367790615192
f1= 2030
f2= 377.3783871398332
f3= 29.100031226463145
