fonctionobjectif= 3
pourcentage= 10.0
decroissance= 0.02
nbiterstagnant= 100
f1= 60
f2= 1.594990548204196
f3= 0.36825632776518263
f1= 30
f2= 2.1313799621928524
f3= 0.34335201431887524
f1= 40
f2= 2.5685255198488077
f3= 0.4206712846681962
