fonctionobjectif= 3
pourcentage= 10.0
decroissance= 0.02
nbiterstagnant= 100
nbiterameliore= 10
f1= 10
f2= 4.984809969619937
f3= 0.44300379344725593
Temps= 3.4503953s
nbiterameliore= 15
f1= 20
f2= 5.150970301940602
f3= 0.47016211098807
Temps= 3.0723065s
nbiterameliore= 1000
f1= 60
f2= 6.905573811147611
f3= 0.8245321874921521
Temps= 2.8311496s
