fonctionobjectif= 3
pourcentage= 10.0
decroissance= 0.02
nbiterstagnant= 100
nbiterameliore= 10
f1= 1350
f2= 221.34545632781087
f3= 21.87403239554814
Temps= 31.842979s
nbiterameliore= 15
f1= 1460
f2= 234.23929026566014
f3= 22.84578335517735
Temps= 15.4678815s
nbiterameliore= 1000
f1= 1360
f2= 197.1243015390647
f3= 19.945780010249695
Temps= 14.6391526s
