fonctionobjectif= 3
pourcentage= 10.0
decroissance= 0.02
nbiterstagnant= 100
nbiterameliore= 10
f1= 30
f2= 3.936669444322629
f3= 0.47112711025365445
Temps= 4.3651633s
nbiterameliore= 15
f1= 30
f2= 3.936669444322629
f3= 0.47112711025365445
Temps= 3.9749178s
nbiterameliore= 1000
f1= 60
f2= 5.790974080084219
f3= 0.7568504200453269
Temps= 2.9937856s
