fonctionobjectif= 3
pourcentage= 10.0
decroissance= 0.02
nbiterstagnant= 100
f1= 40
f2= 5.472910927456395
f3= 0.4487695470425595
f1= 70
f2= 6.019283746556484
f3= 0.5319947653890501
f1= 60
f2= 6.579430670339776
f3= 0.616398665807303
