fonctionobjectif= 3
pourcentage= 10.0
decroissance= 0.02
nbiterstagnant= 100
f1= 80
f2= 8.531804733727803
f3= 0.8890419281675229
f1= 1750
f2= 447.93731508875766
f3= 34.998611709402745
f1= 1910
f2= 448.09495192307713
f3= 35.49718053625404
