fonctionobjectif= 3
pourcentage= 10.0
decroissance= 0.02
nbiterstagnant= 100
nbiterameliore= 10
f1= 80
f2= 8.531804733727803
f3= 0.8890419281675229
Temps= 42.0435351s
nbiterameliore= 15
f1= 1750
f2= 447.93731508875766
f3= 34.998611709402745
Temps= 14.9233399s
nbiterameliore= 1000
f1= 1830
f2= 447.74500739645
f3= 35.422219408142126
Temps= 4.5288632s
