fonctionobjectif= 3
pourcentage= 10.0
decroissance= 0.02
nbiterstagnant= 100
f1= 2150
f2= 517.4794238683127
f3= 41.33768876533847
f1= 2200
f2= 525.0668724279834
f3= 41.82674582244126
f1= 2370
f2= 501.1316872427982
f3= 41.137843570606485
