fonctionobjectif= 3
pourcentage= 10.0
decroissance= 0.02
nbiterstagnant= 100
nbiterameliore= 10
f1= 40
f2= 5.472910927456395
f3= 0.4487695470425595
Temps= 15.9141754s
nbiterameliore= 15
f1= 70
f2= 6.019283746556484
f3= 0.5319947653890501
Temps= 14.832849s
nbiterameliore= 1000
f1= 100
f2= 9.467401285583094
f3= 0.9488426534566383
Temps= 11.1524739s
