fonctionobjectif= 3
pourcentage= 10.0
decroissance= 0.02
nbiterstagnant= 100
f1= 40
f2= 5.165
f3= 0.44581386250317523
f1= 70
f2= 5.32
f3= 0.5135659646043534
f1= 60
f2= 5.255
f3= 0.46770717334674267
