fonctionobjectif= 3
pourcentage= 10.0
decroissance= 0.02
nbiterstagnant= 100
nbiterameliore= 10
f1= 50
f2= 5.135109776693591
f3= 0.5709482445575327
Temps= 6.8507255s
nbiterameliore= 15
f1= 20
f2= 4.433289547757577
f3= 0.41935655933747906
Temps= 6.7503047s
nbiterameliore= 1000
f1= 60
f2= 5.747795083505368
f3= 0.6551265184373171
Temps= 5.2005071s
