fonctionobjectif= 3
pourcentage= 10.0
decroissance= 0.02
nbiterstagnant= 100
nbiterameliore= 10
f1= 30
f2= 4.727197001249514
f3= 0.39525278751877296
Temps= 17.5216937s
nbiterameliore= 15
f1= 50
f2= 5.302998750520638
f3= 0.4620525631598384
Temps= 15.9699289s
nbiterameliore= 1000
f1= 60
f2= 6.1578508954602444
f3= 0.5681742841652695
Temps= 15.6181145s
