fonctionobjectif= 3
pourcentage= 0.05
decroissance= 2.0e-5
nbiterstagnant= 50
taille matrice: (100, 60)
nbiterameliore= 10
f1= 10
f2= 2.7777777777778283
f3= 0.4811252243246882
Temps= 0.2174248s
nbiterameliore= 15
f1= 10
f2= 2.7777777777778283
f3= 0.4811252243246882
Temps= 0.1989876s
nbiterameliore= 100000000
f1= 10
f2= 2.7777777777778283
f3= 0.4811252243246882
Temps= 0.1986048s
