fonctionobjectif= 3
pourcentage= 0.05
decroissance= 2.0e-5
nbiterstagnant= 50
taille matrice: (100, 59)
nbiterameliore= 10
f1= 40
f2= 5.728239011778191
f3= 0.9361775775237186
Temps= 0.2131948s
nbiterameliore= 15
f1= 40
f2= 5.728239011778191
f3= 0.9361775775237186
Temps= 0.1891349s
nbiterameliore= 100000000
f1= 40
f2= 5.728239011778191
f3= 0.9361775775237186
Temps= 0.1787892s
