fonctionobjectif= 3
pourcentage= 0.05
decroissance= 2.0e-5
nbiterstagnant= 50
taille matrice: (100, 60)
nbiterameliore= 10
f1= 20
f2= 4.855555555555573
f3= 0.6652763279965647
Temps= 0.2342276s
nbiterameliore= 15
f1= 20
f2= 4.855555555555573
f3= 0.6652763279965647
Temps= 0.2135817s
nbiterameliore= 100000000
f1= 20
f2= 4.855555555555573
f3= 0.6652763279965647
Temps= 0.2082913s
