fonctionobjectif= 3
pourcentage= 0.05
decroissance= 2.0e-5
nbiterstagnant= 50
taille matrice: (100, 60)
nbiterameliore= 10
f1= 20
f2= 4.333333333333296
f3= 0.7625493305232662
Temps= 0.263834s
nbiterameliore= 15
f1= 20
f2= 4.333333333333296
f3= 0.7625493305232662
Temps= 0.2454702s
nbiterameliore= 100000000
f1= 20
f2= 4.333333333333296
f3= 0.7625493305232662
Temps= 0.216337s
