fonctionobjectif= 3
pourcentage= 0.05
decroissance= 2.0e-5
nbiterstagnant= 50
taille matrice: (100, 60)
nbiterameliore= 10
f1= 20
f2= 2.355555555555611
f3= 0.47677543436592335
Temps= 0.2385554s
nbiterameliore= 15
f1= 20
f2= 2.355555555555611
f3= 0.47677543436592335
Temps= 0.2218497s
nbiterameliore= 100000000
f1= 20
f2= 2.355555555555611
f3= 0.47677543436592335
Temps= 0.2134993s
