fonctionobjectif= 3
pourcentage= 0.05
decroissance= 2.0e-5
nbiterstagnant= 50
taille matrice: (100, 60)
nbiterameliore= 10
f1= 10
f2= 2.3111111111110554
f3= 0.4388537257362556
Temps= 0.2682159s
nbiterameliore= 15
f1= 10
f2= 2.3111111111110554
f3= 0.4388537257362556
Temps= 0.236397s
nbiterameliore= 100000000
f1= 10
f2= 2.3111111111110554
f3= 0.4388537257362556
Temps= 0.2171872s
