fonctionobjectif= 3
pourcentage= 0.05
decroissance= 2.0e-5
nbiterstagnant= 50
taille matrice: (100, 60)
nbiterameliore= 10
f1= 20
f2= 2.8333333333333335
f3= 0.5177408189003022
Temps= 0.2593756s
nbiterameliore= 15
f1= 20
f2= 2.8333333333333335
f3= 0.5177408189003022
Temps= 0.24094s
nbiterameliore= 100000000
f1= 20
f2= 2.8333333333333335
f3= 0.5177408189003022
Temps= 0.2339395s
