fonctionobjectif= 3
pourcentage= 0.05
decroissance= 2.0e-5
nbiterstagnant= 50
taille matrice: (100, 60)
nbiterameliore= 10
f1= 10
f2= 3.3944444444444875
f3= 0.531855591650939
Temps= 0.2519958s
nbiterameliore= 15
f1= 10
f2= 3.3944444444444875
f3= 0.531855591650939
Temps= 0.2360824s
nbiterameliore= 100000000
f1= 10
f2= 3.3944444444444875
f3= 0.531855591650939
Temps= 0.2147734s
