fonctionobjectif= 3
pourcentage= 0.05
decroissance= 2.0e-5
nbiterstagnant= 50
taille matrice: (100, 60)
nbiterameliore= 10
f1= 20
f2= 2.7
f3= 0.5627314338711378
Temps= 0.2617619s
nbiterameliore= 15
f1= 20
f2= 2.7
f3= 0.5627314338711378
Temps= 0.2464649s
nbiterameliore= 100000000
f1= 20
f2= 2.7
f3= 0.5627314338711378
Temps= 0.2182526s
