fonctionobjectif= 3
pourcentage= 0.05
decroissance= 2.0e-5
nbiterstagnant= 50
taille matrice: (100, 60)
nbiterameliore= 10
f1= 20
f2= 3.9
f3= 0.7340905181848413
Temps= 0.2866652s
nbiterameliore= 15
f1= 10
f2= 1.8
f3= 0.38729833462074165
Temps= 0.294798s
nbiterameliore= 100000000
f1= 10
f2= 1.8
f3= 0.38729833462074165
Temps= 0.2503818s
