fonctionobjectif= 3
pourcentage= 0.05
decroissance= 2.0e-5
nbiterstagnant= 50
taille matrice: (100, 60)
nbiterameliore= 10
f1= 10
f2= 4.95
f3= 0.6422616289332564
Temps= 0.2494119s
nbiterameliore= 15
f1= 10
f2= 4.95
f3= 0.6422616289332564
Temps= 0.2576076s
nbiterameliore= 100000000
f1= 10
f2= 4.95
f3= 0.6422616289332564
Temps= 0.2525193s
