fonctionobjectif= 3
pourcentage= 0.05
decroissance= 2.0e-5
nbiterstagnant= 50
taille matrice: (100, 60)
nbiterameliore= 10
f1= 20
f2= 4.75
f3= 0.7312470322826768
Temps= 1.5730541s
nbiterameliore= 15
f1= 20
f2= 4.75
f3= 0.7312470322826768
Temps= 0.2523191s
nbiterameliore= 100000000
f1= 20
f2= 4.75
f3= 0.7312470322826768
Temps= 0.2426364s
