fonctionobjectif= 3
pourcentage= 0.05
decroissance= 2.0e-5
nbiterstagnant= 50
taille matrice: (100, 60)
nbiterameliore= 10
f1= 20
f2= 0.6555555555556263
f3= 0.2878721424007026
Temps= 0.2672551s
nbiterameliore= 15
f1= 20
f2= 0.6555555555556263
f3= 0.2878721424007026
Temps= 0.2803496s
nbiterameliore= 100000000
f1= 20
f2= 0.6555555555556263
f3= 0.2878721424007026
Temps= 0.2452673s
