fonctionobjectif= 3
pourcentage= 0.05
decroissance= 2.0e-5
nbiterstagnant= 50
taille matrice: (100, 60)
nbiterameliore= 10
f1= 20
f2= 2.944444444444495
f3= 0.5817438662555249
Temps= 0.2723842s
nbiterameliore= 15
f1= 20
f2= 2.944444444444495
f3= 0.5817438662555249
Temps= 0.2598853s
nbiterameliore= 100000000
f1= 20
f2= 2.944444444444495
f3= 0.5817438662555249
Temps= 0.2665167s
