fonctionobjectif= 3
pourcentage= 0.05
decroissance= 2.0e-5
nbiterstagnant= 50
taille matrice: (100, 60)
nbiterameliore= 10
f1= 30
f2= 4.500000000000038
f3= 0.7876359377087679
Temps= 0.2261181s
nbiterameliore= 15
f1= 30
f2= 4.500000000000038
f3= 0.7876359377087679
Temps= 0.2185464s
nbiterameliore= 100000000
f1= 30
f2= 4.500000000000038
f3= 0.7876359377087679
Temps= 0.1948858s
