fonctionobjectif= 3
pourcentage= 0.05
decroissance= 2.0e-5
nbiterstagnant= 50
taille matrice: (100, 59)
nbiterameliore= 10
f1= 20
f2= 3.5851766733697494
f3= 0.6099140836065211
Temps= 0.2300332s
nbiterameliore= 15
f1= 20
f2= 3.5851766733697494
f3= 0.6099140836065211
Temps= 0.2145532s
nbiterameliore= 100000000
f1= 20
f2= 3.5851766733697494
f3= 0.6099140836065211
Temps= 0.1982598s
