fonctionobjectif= 3
pourcentage= 0.05
decroissance= 2.0e-5
nbiterstagnant= 50
taille matrice: (100, 60)
nbiterameliore= 10
f1= 20
f2= 5.155555555555558
f3= 0.6858355272004873
Temps= 0.2384794s
nbiterameliore= 15
f1= 20
f2= 5.155555555555558
f3= 0.6858355272004873
Temps= 0.2297424s
nbiterameliore= 100000000
f1= 20
f2= 5.155555555555558
f3= 0.6858355272004873
Temps= 0.2017801s
