fonctionobjectif= 3
pourcentage= 0.05
decroissance= 2.0e-5
nbiterstagnant= 50
taille matrice: (100, 60)
nbiterameliore= 10
f1= 20
f2= 3.0
f3= 0.6101001739241042
Temps= 0.2360068s
nbiterameliore= 15
f1= 20
f2= 3.0
f3= 0.6101001739241042
Temps= 0.2174743s
nbiterameliore= 100000000
f1= 20
f2= 3.0
f3= 0.6101001739241042
Temps= 0.2027077s
