fonctionobjectif= 3
pourcentage= 0.05
decroissance= 2.0e-5
nbiterstagnant= 50
taille matrice: (100, 60)
nbiterameliore= 10
f1= 20
f2= 3.1777777777777296
f3= 0.5993823981893857
Temps= 0.279201s
nbiterameliore= 15
f1= 20
f2= 3.1777777777777296
f3= 0.5993823981893857
Temps= 0.2811795s
nbiterameliore= 100000000
f1= 20
f2= 3.1777777777777296
f3= 0.5993823981893857
Temps= 0.2701744s
