fonctionobjectif= 3
pourcentage= 0.05
decroissance= 2.0e-5
nbiterstagnant= 50
taille matrice: (100, 60)
nbiterameliore= 10
f1= 10
f2= 4.994444444444442
f3= 0.6451385151296609
Temps= 0.2085749s
nbiterameliore= 15
f1= 10
f2= 4.994444444444442
f3= 0.6451385151296609
Temps= 0.1822136s
nbiterameliore= 100000000
f1= 10
f2= 4.994444444444442
f3= 0.6451385151296609
Temps= 0.1681342s
