fonctionobjectif= 3
pourcentage= 0.05
decroissance= 2.0e-5
nbiterstagnant= 50
taille matrice: (100, 60)
nbiterameliore= 10
f1= 20
f2= 4.155555555555589
f3= 0.6176418715416576
Temps= 0.2179995s
nbiterameliore= 15
f1= 20
f2= 4.155555555555589
f3= 0.6176418715416576
Temps= 0.1980559s
nbiterameliore= 100000000
f1= 20
f2= 4.155555555555589
f3= 0.6176418715416576
Temps= 0.1882232s
