fonctionobjectif= 3
pourcentage= 0.05
decroissance= 2.0e-5
nbiterstagnant= 50
taille matrice: (100, 60)
nbiterameliore= 10
f1= 10
f2= 4.911111111111101
f3= 0.6397337409104348
Temps= 0.2438817s
nbiterameliore= 15
f1= 10
f2= 4.911111111111101
f3= 0.6397337409104348
Temps= 0.2322925s
nbiterameliore= 100000000
f1= 10
f2= 4.911111111111101
f3= 0.6397337409104348
Temps= 0.2153197s
