fonctionobjectif= 3
pourcentage= 0.05
decroissance= 2.0e-5
nbiterstagnant= 50
taille matrice: (100, 60)
nbiterameliore= 10
f1= 20
f2= 2.1
f3= 0.45338235029118146
Temps= 0.2886082s
nbiterameliore= 15
f1= 20
f2= 2.1
f3= 0.45338235029118146
Temps= 0.2696909s
nbiterameliore= 100000000
f1= 20
f2= 2.1
f3= 0.45338235029118146
Temps= 0.2731245s
