fonctionobjectif= 3
pourcentage= 0.05
decroissance= 2.0e-5
nbiterstagnant= 50
taille matrice: (120, 90)
nbiterameliore= 10
f1= 30
f2= 5.43456790123457
f3= 0.6131839145244681
Temps= 0.4643933s
nbiterameliore= 15
f1= 30
f2= 5.43456790123457
f3= 0.6131839145244681
Temps= 0.382693s
nbiterameliore= 100000000
f1= 30
f2= 5.43456790123457
f3= 0.6131839145244681
Temps= 0.3687246s
