fonctionobjectif= 3
pourcentage= 0.05
decroissance= 2.0e-5
nbiterstagnant= 50
taille matrice: (120, 89)
nbiterameliore= 10
f1= 10
f2= 4.8579724782224645
f3= 0.5224172682323284
Temps= 0.4534321s
nbiterameliore= 15
f1= 10
f2= 4.8579724782224645
f3= 0.5224172682323284
Temps= 0.3775499s
nbiterameliore= 100000000
f1= 10
f2= 4.8579724782224645
f3= 0.5224172682323284
Temps= 0.4981495s
