fonctionobjectif= 3
pourcentage= 0.05
decroissance= 2.0e-5
nbiterstagnant= 50
taille matrice: (120, 90)
nbiterameliore= 10
f1= 10
f2= 4.108641975308653
f3= 0.47776342212139544
Temps= 0.8590067s
nbiterameliore= 15
f1= 10
f2= 4.108641975308653
f3= 0.47776342212139544
Temps= 0.7887221s
nbiterameliore= 100000000
f1= 20
f2= 4.266666666666676
f3= 0.5029405984227542
Temps= 0.4890368s
