fonctionobjectif= 3
pourcentage= 0.05
decroissance= 2.0e-5
nbiterstagnant= 50
taille matrice: (120, 88)
nbiterameliore= 10
f1= 20
f2= 1.6735537190082306
f3= 0.33019492854064164
Temps= 0.6128579s
nbiterameliore= 15
f1= 20
f2= 1.6735537190082306
f3= 0.33019492854064164
Temps= 1.0340011s
nbiterameliore= 100000000
f1= 20
f2= 3.3471074380165025
f3= 0.5618187083765486
Temps= 0.4301982s
