fonctionobjectif= 3
pourcentage= 0.05
decroissance= 2.0e-5
nbiterstagnant= 50
taille matrice: (120, 90)
nbiterameliore= 10
f1= 10
f2= 4.977777777777783
f3= 0.5258737584977435
Temps= 0.520188s
nbiterameliore= 15
f1= 10
f2= 4.977777777777783
f3= 0.5258737584977435
Temps= 0.3824947s
nbiterameliore= 100000000
f1= 10
f2= 4.977777777777783
f3= 0.5258737584977435
Temps= 0.4064604s
