fonctionobjectif= 3
pourcentage= 0.05
decroissance= 2.0e-5
nbiterstagnant= 50
taille matrice: (120, 90)
nbiterameliore= 10
f1= 10
f2= 3.064197530864213
f3= 0.41259325752988496
Temps= 0.6058037s
nbiterameliore= 15
f1= 20
f2= 3.965432098765445
f3= 0.5419317173616791
Temps= 0.3563096s
nbiterameliore= 100000000
f1= 10
f2= 3.064197530864213
f3= 0.41259325752988496
Temps= 0.7933543s
