fonctionobjectif= 3
pourcentage= 0.05
decroissance= 2.0e-5
nbiterstagnant= 50
taille matrice: (120, 90)
nbiterameliore= 10
f1= 10
f2= 4.990123456790125
f3= 0.5265254798514358
Temps= 0.4948705s
nbiterameliore= 15
f1= 10
f2= 4.990123456790125
f3= 0.5265254798514358
Temps= 0.4199905s
nbiterameliore= 100000000
f1= 10
f2= 4.990123456790125
f3= 0.5265254798514358
Temps= 0.3917344s
