fonctionobjectif= 3
pourcentage= 0.05
decroissance= 2.0e-5
nbiterstagnant= 50
taille matrice: (120, 90)
nbiterameliore= 10
f1= 10
f2= 4.012345679012368
f3= 0.4721314364437764
Temps= 0.3615736s
nbiterameliore= 15
f1= 10
f2= 4.012345679012368
f3= 0.4721314364437764
Temps= 0.4965136s
nbiterameliore= 100000000
f1= 10
f2= 4.012345679012368
f3= 0.4721314364437764
Temps= 0.4843373s
