fonctionobjectif= 3
pourcentage= 0.05
decroissance= 2.0e-5
nbiterstagnant= 50
taille matrice: (120, 90)
nbiterameliore= 10
f1= 10
f2= 4.997530864197532
f3= 0.5269161257415924
Temps= 0.2992695s
nbiterameliore= 15
f1= 10
f2= 4.997530864197532
f3= 0.5269161257415924
Temps= 0.3129807s
nbiterameliore= 100000000
f1= 10
f2= 4.997530864197532
f3= 0.5269161257415924
Temps= 0.2949654s
