fonctionobjectif= 3
pourcentage= 0.05
decroissance= 2.0e-5
nbiterstagnant= 50
taille matrice: (120, 89)
nbiterameliore= 10
f1= 10
f2= 4.817573538694608
f3= 0.5202405201472372
Temps= 0.7508064s
nbiterameliore= 15
f1= 10
f2= 4.817573538694608
f3= 0.5202405201472372
Temps= 0.3595742s
nbiterameliore= 100000000
f1= 10
f2= 4.817573538694608
f3= 0.5202405201472372
Temps= 0.3234031s
