fonctionobjectif= 3
pourcentage= 0.05
decroissance= 2.0e-5
nbiterstagnant= 50
taille matrice: (120, 89)
nbiterameliore= 10
f1= 20
f2= 4.297437192273711
f3= 0.5995401818454381
Temps= 0.3513823s
nbiterameliore= 15
f1= 20
f2= 4.6711273829062065
f3= 0.64027111761898
Temps= 0.4962937s
nbiterameliore= 100000000
f1= 40
f2= 5.456381769978544
f3= 0.7822670910221425
Temps= 0.2767105s
