fonctionobjectif= 3
pourcentage= 0.05
decroissance= 2.0e-5
nbiterstagnant= 50
taille matrice: (12, 18)
nbiterameliore= 10
f1= 30
f2= 9.25925925925926
f3= 2.4845199749997664
Temps= 0.0146448s
nbiterameliore= 15
f1= 30
f2= 9.25925925925926
f3= 2.4845199749997664
Temps= 0.0195991s
nbiterameliore= 100000000
f1= 30
f2= 9.25925925925926
f3= 2.4845199749997664
Temps= 0.0155122s
