fonctionobjectif= 3
pourcentage= 0.05
decroissance= 2.0e-5
nbiterstagnant= 50
taille matrice: (12, 20)
nbiterameliore= 10
f1= 30
f2= 7.85
f3= 2.034084560680799
Temps= 0.0159116s
nbiterameliore= 15
f1= 30
f2= 7.85
f3= 2.034084560680799
Temps= 0.0159218s
nbiterameliore= 100000000
f1= 30
f2= 7.85
f3= 2.034084560680799
Temps= 0.0162999s
