fonctionobjectif= 3
pourcentage= 0.05
decroissance= 2.0e-5
nbiterstagnant= 50
taille matrice: (12, 16)
nbiterameliore= 10
f1= 20
f2= 5.625
f3= 1.653594569415369
Temps= 0.0146742s
nbiterameliore= 15
f1= 20
f2= 5.625
f3= 1.653594569415369
Temps= 0.0146435s
nbiterameliore= 100000000
f1= 20
f2= 5.625
f3= 1.653594569415369
Temps= 0.0133859s
