fonctionobjectif= 3
pourcentage= 0.05
decroissance= 2.0e-5
nbiterstagnant= 50
taille matrice: (12, 20)
nbiterameliore= 10
f1= 30
f2= 3.85
f3= 1.4958275301651591
Temps= 0.0178661s
nbiterameliore= 15
f1= 30
f2= 3.85
f3= 1.4958275301651591
Temps= 0.0174085s
nbiterameliore= 100000000
f1= 30
f2= 3.85
f3= 1.4958275301651591
Temps= 0.0174362s
