fonctionobjectif= 3
pourcentage= 0.05
decroissance= 2.0e-5
nbiterstagnant= 50
taille matrice: (12, 20)
nbiterameliore= 10
f1= 40
f2= 8.75
f3= 2.331844763272204
Temps= 0.0157231s
nbiterameliore= 15
f1= 40
f2= 8.75
f3= 2.331844763272204
Temps= 0.0166088s
nbiterameliore= 100000000
f1= 40
f2= 8.75
f3= 2.331844763272204
Temps= 0.0156556s
