fonctionobjectif= 3
pourcentage= 0.05
decroissance= 2.0e-5
nbiterstagnant= 50
taille matrice: (12, 20)
nbiterameliore= 10
f1= 40
f2= 7.95
f3= 2.2666053913286275
Temps= 0.0151236s
nbiterameliore= 15
f1= 40
f2= 7.95
f3= 2.2666053913286275
Temps= 0.0146017s
nbiterameliore= 100000000
f1= 40
f2= 7.95
f3= 2.2666053913286275
Temps= 0.0164516s
