fonctionobjectif= 3
pourcentage= 0.05
decroissance= 2.0e-5
nbiterstagnant= 50
taille matrice: (12, 20)
nbiterameliore= 10
f1= 40
f2= 8.4
f3= 2.3021728866442674
Temps= 0.0148946s
nbiterameliore= 15
f1= 40
f2= 8.4
f3= 2.3021728866442674
Temps= 0.0147389s
nbiterameliore= 100000000
f1= 40
f2= 8.4
f3= 2.3021728866442674
Temps= 0.0147792s
