fonctionobjectif= 3
pourcentage= 0.05
decroissance= 2.0e-5
nbiterstagnant= 50
taille matrice: (12, 19)
nbiterameliore= 10
f1= 20
f2= 6.315789473684211
f3= 1.823211376388292
Temps= 0.0139289s
nbiterameliore= 15
f1= 20
f2= 6.315789473684211
f3= 1.823211376388292
Temps= 0.0148219s
nbiterameliore= 100000000
f1= 20
f2= 6.315789473684211
f3= 1.823211376388292
Temps= 0.0148266s
