fonctionobjectif= 3
pourcentage= 0.05
decroissance= 2.0e-5
nbiterstagnant= 50
taille matrice: (12, 20)
nbiterameliore= 10
f1= 50
f2= 9.0
f3= 2.7386127875258306
Temps= 0.0158205s
nbiterameliore= 15
f1= 50
f2= 9.0
f3= 2.7386127875258306
Temps= 0.0147028s
nbiterameliore= 100000000
f1= 50
f2= 9.0
f3= 2.7386127875258306
Temps= 0.015399s
