fonctionobjectif= 3
pourcentage= 0.05
decroissance= 2.0e-5
nbiterstagnant= 50
taille matrice: (12, 19)
nbiterameliore= 10
f1= 30
f2= 6.592797783933518
f3= 1.9544305576025083
Temps= 0.0138871s
nbiterameliore= 15
f1= 30
f2= 6.592797783933518
f3= 1.9544305576025083
Temps= 0.0157321s
nbiterameliore= 100000000
f1= 30
f2= 6.592797783933518
f3= 1.9544305576025083
Temps= 0.0149605s
