fonctionobjectif= 3
pourcentage= 0.05
decroissance= 2.0e-5
nbiterstagnant= 50
taille matrice: (12, 18)
nbiterameliore= 10
f1= 50
f2= 10.740740740740742
f3= 3.291923858265033
Temps= 0.0133339s
nbiterameliore= 15
f1= 50
f2= 10.740740740740742
f3= 3.291923858265033
Temps= 0.0137635s
nbiterameliore= 100000000
f1= 50
f2= 10.740740740740742
f3= 3.291923858265033
Temps= 0.0143056s
