fonctionobjectif= 3
pourcentage= 0.05
decroissance= 2.0e-5
nbiterstagnant= 50
taille matrice: (12, 20)
nbiterameliore= 10
f1= 20
f2= 6.3
f3= 1.7175564037317668
Temps= 0.0127568s
nbiterameliore= 15
f1= 20
f2= 6.3
f3= 1.7175564037317668
Temps= 0.0200789s
nbiterameliore= 100000000
f1= 20
f2= 6.3
f3= 1.7175564037317668
Temps= 0.0129521s
