fonctionobjectif= 3
pourcentage= 0.05
decroissance= 2.0e-5
nbiterstagnant= 50
taille matrice: (12, 20)
nbiterameliore= 10
f1= 20
f2= 4.5
f3= 1.396424004376894
Temps= 0.0141404s
nbiterameliore= 15
f1= 20
f2= 4.5
f3= 1.396424004376894
Temps= 0.0146627s
nbiterameliore= 100000000
f1= 20
f2= 4.5
f3= 1.396424004376894
Temps= 0.0138s
