fonctionobjectif= 3
pourcentage= 0.05
decroissance= 2.0e-5
nbiterstagnant= 50
taille matrice: (12, 20)
nbiterameliore= 10
f1= 60
f2= 14.2
f3= 3.7815340802378072
Temps= 0.0151069s
nbiterameliore= 15
f1= 60
f2= 14.2
f3= 3.7815340802378072
Temps= 0.0151747s
nbiterameliore= 100000000
f1= 60
f2= 14.2
f3= 3.7815340802378072
Temps= 0.0145507s
