fonctionobjectif= 3
pourcentage= 0.05
decroissance= 2.0e-5
nbiterstagnant= 50
taille matrice: (12, 18)
nbiterameliore= 10
f1= 50
f2= 10.864197530864196
f3= 3.023116243947131
Temps= 0.0191051s
nbiterameliore= 15
f1= 50
f2= 10.864197530864196
f3= 3.023116243947131
Temps= 0.0177208s
nbiterameliore= 100000000
f1= 50
f2= 10.864197530864196
f3= 3.023116243947131
Temps= 0.0173433s
