fonctionobjectif= 3
pourcentage= 0.05
decroissance= 2.0e-5
nbiterstagnant= 50
taille matrice: (12, 18)
nbiterameliore= 10
f1= 20
f2= 5.555555555555555
f3= 1.7568209223157663
Temps= 0.012556s
nbiterameliore= 15
f1= 20
f2= 5.555555555555555
f3= 1.7568209223157663
Temps= 0.0149141s
nbiterameliore= 100000000
f1= 20
f2= 5.555555555555555
f3= 1.7568209223157663
Temps= 0.0138668s
