fonctionobjectif= 3
pourcentage= 0.05
decroissance= 2.0e-5
nbiterstagnant= 50
taille matrice: (12, 17)
nbiterameliore= 10
f1= 10
f2= 3.598615916955013
f3= 1.0287936849355368
Temps= 0.012914s
nbiterameliore= 15
f1= 10
f2= 3.598615916955013
f3= 1.0287936849355368
Temps= 0.0138853s
nbiterameliore= 100000000
f1= 10
f2= 3.598615916955013
f3= 1.0287936849355368
Temps= 0.0134821s
