fonctionobjectif= 3
pourcentage= 0.05
decroissance= 2.0e-5
nbiterstagnant= 50
taille matrice: (12, 20)
nbiterameliore= 10
f1= 40
f2= 8.7
f3= 2.595669470483482
Temps= 0.0150496s
nbiterameliore= 15
f1= 40
f2= 8.7
f3= 2.595669470483482
Temps= 0.0160729s
nbiterameliore= 100000000
f1= 40
f2= 8.7
f3= 2.595669470483482
Temps= 0.0154355s
