fonctionobjectif= 3
pourcentage= 0.05
decroissance= 2.0e-5
nbiterstagnant= 50
taille matrice: (12, 20)
nbiterameliore= 10
f1= 40
f2= 8.6
f3= 2.3558437978779496
Temps= 0.0149061s
nbiterameliore= 15
f1= 40
f2= 8.6
f3= 2.3558437978779496
Temps= 0.0167616s
nbiterameliore= 100000000
f1= 40
f2= 8.6
f3= 2.3558437978779496
Temps= 0.0218746s
