fonctionobjectif= 3
pourcentage= 0.05
decroissance= 2.0e-5
nbiterstagnant= 50
taille matrice: (20, 20)
nbiterameliore= 10
f1= 50
f2= 8.65
f3= 2.497498748748435
Temps= 0.023546s
nbiterameliore= 15
f1= 50
f2= 8.65
f3= 2.497498748748435
Temps= 0.0260138s
nbiterameliore= 100000000
f1= 50
f2= 8.65
f3= 2.497498748748435
Temps= 0.0302155s
