fonctionobjectif= 3
pourcentage= 0.05
decroissance= 2.0e-5
nbiterstagnant= 50
taille matrice: (20, 20)
nbiterameliore= 10
f1= 20
f2= 4.5
f3= 1.2449899597988732
Temps= 0.0279309s
nbiterameliore= 15
f1= 20
f2= 4.5
f3= 1.2449899597988732
Temps= 0.0289479s
nbiterameliore= 100000000
f1= 20
f2= 4.5
f3= 1.2449899597988732
Temps= 0.0282588s
