fonctionobjectif= 3
pourcentage= 0.05
decroissance= 2.0e-5
nbiterstagnant= 50
taille matrice: (20, 17)
nbiterameliore= 10
f1= 20
f2= 6.089965397923874
f3= 1.6515016697275744
Temps= 0.0249944s
nbiterameliore= 15
f1= 20
f2= 6.089965397923874
f3= 1.6515016697275744
Temps= 0.0446219s
nbiterameliore= 100000000
f1= 20
f2= 6.089965397923874
f3= 1.6515016697275744
Temps= 0.0269175s
