fonctionobjectif= 3
pourcentage= 0.05
decroissance= 2.0e-5
nbiterstagnant= 50
taille matrice: (20, 19)
nbiterameliore= 10
f1= 30
f2= 5.9833795013850475
f3= 1.7245853092823686
Temps= 0.020968s
nbiterameliore= 15
f1= 30
f2= 5.9833795013850475
f3= 1.7245853092823686
Temps= 0.0217521s
nbiterameliore= 100000000
f1= 30
f2= 5.9833795013850475
f3= 1.7245853092823686
Temps= 0.0247065s
