fonctionobjectif= 3
pourcentage= 0.05
decroissance= 2.0e-5
nbiterstagnant= 50
taille matrice: (20, 20)
nbiterameliore= 10
f1= 20
f2= 6.4
f3= 1.6733200530681511
Temps= 0.0211291s
nbiterameliore= 15
f1= 20
f2= 6.4
f3= 1.6733200530681511
Temps= 0.023267s
nbiterameliore= 100000000
f1= 20
f2= 6.4
f3= 1.6733200530681511
Temps= 0.022358s
