fonctionobjectif= 3
pourcentage= 0.05
decroissance= 2.0e-5
nbiterstagnant= 50
taille matrice: (20, 20)
nbiterameliore= 10
f1= 30
f2= 6.85
f3= 1.771298958391835
Temps= 0.024799s
nbiterameliore= 15
f1= 30
f2= 6.85
f3= 1.771298958391835
Temps= 0.0225705s
nbiterameliore= 100000000
f1= 30
f2= 6.85
f3= 1.771298958391835
Temps= 0.0213906s
