fonctionobjectif= 3
pourcentage= 0.05
decroissance= 2.0e-5
nbiterstagnant= 50
taille matrice: (20, 20)
nbiterameliore= 10
f1= 30
f2= 7.0
f3= 1.788854381999832
Temps= 0.0234695s
nbiterameliore= 15
f1= 30
f2= 7.0
f3= 1.788854381999832
Temps= 0.0244407s
nbiterameliore= 100000000
f1= 30
f2= 7.0
f3= 1.788854381999832
Temps= 0.0241061s
