fonctionobjectif= 3
pourcentage= 0.05
decroissance= 2.0e-5
nbiterstagnant= 50
taille matrice: (20, 20)
nbiterameliore= 10
f1= 30
f2= 4.75
f3= 1.6545392107774297
Temps= 0.0239553s
nbiterameliore= 15
f1= 30
f2= 4.75
f3= 1.6545392107774297
Temps= 0.0267223s
nbiterameliore= 100000000
f1= 30
f2= 4.75
f3= 1.6545392107774297
Temps= 0.0219036s
