fonctionobjectif= 3
pourcentage= 0.05
decroissance= 2.0e-5
nbiterstagnant= 50
taille matrice: (20, 19)
nbiterameliore= 10
f1= 30
f2= 6.371191135734068
f3= 1.8627650336237593
Temps= 0.0234211s
nbiterameliore= 15
f1= 30
f2= 6.371191135734068
f3= 1.8627650336237593
Temps= 0.0228027s
nbiterameliore= 100000000
f1= 30
f2= 6.371191135734068
f3= 1.8627650336237593
Temps= 0.0220003s
