fonctionobjectif= 3
pourcentage= 0.05
decroissance= 2.0e-5
nbiterstagnant= 50
taille matrice: (20, 19)
nbiterameliore= 10
f1= 40
f2= 9.252077562326864
f3= 2.584058477566502
Temps= 0.0245845s
nbiterameliore= 15
f1= 40
f2= 9.252077562326864
f3= 2.584058477566502
Temps= 0.0251344s
nbiterameliore= 100000000
f1= 40
f2= 9.252077562326864
f3= 2.584058477566502
Temps= 0.0225001s
