fonctionobjectif= 3
pourcentage= 0.05
decroissance= 2.0e-5
nbiterstagnant= 50
taille matrice: (20, 20)
nbiterameliore= 10
f1= 20
f2= 3.8
f3= 1.3181426326464067
Temps= 0.0242027s
nbiterameliore= 15
f1= 20
f2= 3.8
f3= 1.3181426326464067
Temps= 0.0260517s
nbiterameliore= 100000000
f1= 20
f2= 3.8
f3= 1.3181426326464067
Temps= 0.0228485s
