fonctionobjectif= 3
pourcentage= 0.05
decroissance= 2.0e-5
nbiterstagnant= 50
taille matrice: (20, 19)
nbiterameliore= 10
f1= 40
f2= 9.529085872576175
f3= 2.567076529241683
Temps= 0.0236882s
nbiterameliore= 15
f1= 40
f2= 9.529085872576175
f3= 2.567076529241683
Temps= 0.0215846s
nbiterameliore= 100000000
f1= 40
f2= 9.529085872576175
f3= 2.567076529241683
Temps= 0.0193902s
