fonctionobjectif= 3
pourcentage= 0.05
decroissance= 2.0e-5
nbiterstagnant= 50
taille matrice: (20, 19)
nbiterameliore= 10
f1= 40
f2= 10.415512465373965
f3= 2.867537793818844
Temps= 0.0224672s
nbiterameliore= 15
f1= 40
f2= 10.415512465373965
f3= 2.867537793818844
Temps= 0.0225256s
nbiterameliore= 100000000
f1= 40
f2= 10.415512465373965
f3= 2.867537793818844
Temps= 0.0215557s
