fonctionobjectif= 3
pourcentage= 0.05
decroissance= 2.0e-5
nbiterstagnant= 50
taille matrice: (20, 20)
nbiterameliore= 10
f1= 20
f2= 5.25
f3= 1.3919410907075054
Temps= 0.0224368s
nbiterameliore= 15
f1= 20
f2= 5.25
f3= 1.3919410907075054
Temps= 0.0232389s
nbiterameliore= 100000000
f1= 20
f2= 5.25
f3= 1.3919410907075054
Temps= 0.0247804s
