fonctionobjectif= 3
pourcentage= 0.05
decroissance= 2.0e-5
nbiterstagnant= 50
taille matrice: (20, 20)
nbiterameliore= 10
f1= 30
f2= 9.5
f3= 2.395307913400697
Temps= 0.0259948s
nbiterameliore= 15
f1= 30
f2= 9.5
f3= 2.395307913400697
Temps= 0.0268458s
nbiterameliore= 100000000
f1= 30
f2= 9.5
f3= 2.395307913400697
Temps= 0.0252423s
