fonctionobjectif= 3
pourcentage= 0.05
decroissance= 2.0e-5
nbiterstagnant= 50
taille matrice: (20, 20)
nbiterameliore= 10
f1= 20
f2= 6.3
f3= 1.5968719422671311
Temps= 0.02249s
nbiterameliore= 15
f1= 20
f2= 6.3
f3= 1.5968719422671311
Temps= 0.0248697s
nbiterameliore= 100000000
f1= 20
f2= 6.3
f3= 1.5968719422671311
Temps= 0.0252724s
