fonctionobjectif= 3
pourcentage= 0.05
decroissance= 2.0e-5
nbiterstagnant= 50
taille matrice: (20, 20)
nbiterameliore= 10
f1= 50
f2= 11.2
f3= 3.022829800038368
Temps= 0.0236484s
nbiterameliore= 15
f1= 50
f2= 11.2
f3= 3.022829800038368
Temps= 0.025455s
nbiterameliore= 100000000
f1= 50
f2= 11.2
f3= 3.022829800038368
Temps= 0.0243999s
