fonctionobjectif= 3
pourcentage= 0.05
decroissance= 2.0e-5
nbiterstagnant= 50
taille matrice: (20, 20)
nbiterameliore= 10
f1= 50
f2= 9.5
f3= 2.5763346055976504
Temps= 0.024849s
nbiterameliore= 15
f1= 50
f2= 9.5
f3= 2.5763346055976504
Temps= 0.025077s
nbiterameliore= 100000000
f1= 50
f2= 9.5
f3= 2.5763346055976504
Temps= 0.0220912s
