fonctionobjectif= 3
pourcentage= 0.05
decroissance= 2.0e-5
nbiterstagnant= 50
taille matrice: (20, 20)
nbiterameliore= 10
f1= 30
f2= 6.7
f3= 1.9332614929181204
Temps= 0.0235086s
nbiterameliore= 15
f1= 30
f2= 6.7
f3= 1.9332614929181204
Temps= 0.0221869s
nbiterameliore= 100000000
f1= 30
f2= 6.7
f3= 1.9332614929181204
Temps= 0.0209184s
