fonctionobjectif= 3
pourcentage= 0.05
decroissance= 2.0e-5
nbiterstagnant= 50
taille matrice: (20, 20)
nbiterameliore= 10
f1= 20
f2= 4.0
f3= 1.1401754250991378
Temps= 0.0230955s
nbiterameliore= 15
f1= 20
f2= 4.0
f3= 1.1401754250991378
Temps= 0.024671s
nbiterameliore= 100000000
f1= 20
f2= 4.0
f3= 1.1401754250991378
Temps= 0.0276575s
