fonctionobjectif= 3
pourcentage= 0.05
decroissance= 2.0e-5
nbiterstagnant= 50
taille matrice: (20, 20)
nbiterameliore= 10
f1= 30
f2= 6.9
f3= 1.9072231122760652
Temps= 0.0217807s
nbiterameliore= 15
f1= 30
f2= 6.9
f3= 1.9072231122760652
Temps= 0.0218704s
nbiterameliore= 100000000
f1= 30
f2= 6.9
f3= 1.9072231122760652
Temps= 0.0210018s
