fonctionobjectif= 3
pourcentage= 0.05
decroissance= 2.0e-5
nbiterstagnant= 50
taille matrice: (20, 20)
nbiterameliore= 10
f1= 30
f2= 7.9
f3= 2.1330729007701543
Temps= 0.0248408s
nbiterameliore= 15
f1= 30
f2= 7.9
f3= 2.1330729007701543
Temps= 0.0238837s
nbiterameliore= 100000000
f1= 30
f2= 7.9
f3= 2.1330729007701543
Temps= 0.0241856s
