fonctionobjectif= 3
pourcentage= 0.05
decroissance= 2.0e-5
nbiterstagnant= 50
taille matrice: (20, 20)
nbiterameliore= 10
f1= 20
f2= 5.7
f3= 1.6545392107774297
Temps= 0.0203034s
nbiterameliore= 15
f1= 20
f2= 5.7
f3= 1.6545392107774297
Temps= 0.0202158s
nbiterameliore= 100000000
f1= 20
f2= 5.7
f3= 1.6545392107774297
Temps= 0.019662s
