fonctionobjectif= 3
pourcentage= 0.05
decroissance= 2.0e-5
nbiterstagnant= 50
taille matrice: (30, 15)
nbiterameliore= 10
f1= 20
f2= 6.4000000000000075
f3= 1.8539247657434852
Temps= 0.0288447s
nbiterameliore= 15
f1= 20
f2= 6.4000000000000075
f3= 1.8539247657434852
Temps= 0.029411s
nbiterameliore= 100000000
f1= 20
f2= 6.4000000000000075
f3= 1.8539247657434852
Temps= 0.0284062s
