fonctionobjectif= 3
pourcentage= 0.05
decroissance= 2.0e-5
nbiterstagnant= 50
taille matrice: (30, 15)
nbiterameliore= 10
f1= 20
f2= 5.333333333333333
f3= 1.6865480854231358
Temps= 0.0319809s
nbiterameliore= 15
f1= 20
f2= 5.333333333333333
f3= 1.6865480854231358
Temps= 0.0280324s
nbiterameliore= 100000000
f1= 20
f2= 5.333333333333333
f3= 1.6865480854231358
Temps= 0.0268298s
