fonctionobjectif= 3
pourcentage= 0.05
decroissance= 2.0e-5
nbiterstagnant= 50
taille matrice: (30, 13)
nbiterameliore= 10
f1= 20
f2= 5.680473372781045
f3= 2.023980044554683
Temps= 0.0259162s
nbiterameliore= 15
f1= 20
f2= 5.680473372781045
f3= 2.023980044554683
Temps= 0.0263221s
nbiterameliore= 100000000
f1= 20
f2= 5.680473372781045
f3= 2.023980044554683
Temps= 0.0236009s
