fonctionobjectif= 3
pourcentage= 0.05
decroissance= 2.0e-5
nbiterstagnant= 50
taille matrice: (30, 15)
nbiterameliore= 10
f1= 20
f2= 5.333333333333333
f3= 1.8856180831641267
Temps= 0.0268271s
nbiterameliore= 15
f1= 20
f2= 5.333333333333333
f3= 1.8856180831641267
Temps= 0.0271609s
nbiterameliore= 100000000
f1= 20
f2= 5.333333333333333
f3= 1.8856180831641267
Temps= 0.0270193s
