fonctionobjectif= 3
pourcentage= 0.05
decroissance= 2.0e-5
nbiterstagnant= 50
taille matrice: (30, 15)
nbiterameliore= 10
f1= 20
f2= 5.688888888888892
f3= 1.596291999650486
Temps= 0.036064s
nbiterameliore= 15
f1= 20
f2= 5.688888888888892
f3= 1.596291999650486
Temps= 0.0295917s
nbiterameliore= 100000000
f1= 20
f2= 5.688888888888892
f3= 1.596291999650486
Temps= 0.0281617s
