fonctionobjectif= 3
pourcentage= 0.05
decroissance= 2.0e-5
nbiterstagnant= 50
taille matrice: (30, 15)
nbiterameliore= 10
f1= 30
f2= 7.199999999999992
f3= 2.2043727586910657
Temps= 0.0303769s
nbiterameliore= 15
f1= 30
f2= 7.199999999999992
f3= 2.2043727586910657
Temps= 0.0304243s
nbiterameliore= 100000000
f1= 30
f2= 7.199999999999992
f3= 2.2043727586910657
Temps= 0.0314696s
