fonctionobjectif= 3
pourcentage= 0.05
decroissance= 2.0e-5
nbiterstagnant= 50
taille matrice: (30, 15)
nbiterameliore= 10
f1= 20
f2= 5.333333333333333
f3= 1.577621275493231
Temps= 0.0299212s
nbiterameliore= 15
f1= 20
f2= 5.333333333333333
f3= 1.577621275493231
Temps= 0.0312996s
nbiterameliore= 100000000
f1= 20
f2= 5.333333333333333
f3= 1.577621275493231
Temps= 0.0283551s
