fonctionobjectif= 3
pourcentage= 0.05
decroissance= 2.0e-5
nbiterstagnant= 50
taille matrice: (30, 15)
nbiterameliore= 10
f1= 30
f2= 7.022222222222225
f3= 2.079886036764016
Temps= 0.0367933s
nbiterameliore= 15
f1= 30
f2= 7.022222222222225
f3= 2.079886036764016
Temps= 0.0505989s
nbiterameliore= 100000000
f1= 30
f2= 7.022222222222225
f3= 2.079886036764016
Temps= 0.036123s
