fonctionobjectif= 3
pourcentage= 0.05
decroissance= 2.0e-5
nbiterstagnant= 50
taille matrice: (30, 15)
nbiterameliore= 10
f1= 30
f2= 7.111111111111124
f3= 2.283596902873801
Temps= 0.0273142s
nbiterameliore= 15
f1= 30
f2= 7.111111111111124
f3= 2.283596902873801
Temps= 0.0269452s
nbiterameliore= 100000000
f1= 30
f2= 7.111111111111124
f3= 2.283596902873801
Temps= 0.0268717s
