fonctionobjectif= 3
pourcentage= 0.05
decroissance= 2.0e-5
nbiterstagnant= 50
taille matrice: (30, 15)
nbiterameliore= 10
f1= 20
f2= 6.4
f3= 1.9321835661585918
Temps= 0.0275255s
nbiterameliore= 15
f1= 20
f2= 6.4
f3= 1.9321835661585918
Temps= 0.0288564s
nbiterameliore= 100000000
f1= 20
f2= 6.4
f3= 1.9321835661585918
Temps= 0.027584s
