fonctionobjectif= 3
pourcentage= 0.05
decroissance= 2.0e-5
nbiterstagnant= 50
taille matrice: (30, 15)
nbiterameliore= 10
f1= 10
f2= 4.444444444444457
f3= 1.2171612389003692
Temps= 0.0292662s
nbiterameliore= 15
f1= 10
f2= 4.444444444444457
f3= 1.2171612389003692
Temps= 0.0281078s
nbiterameliore= 100000000
f1= 10
f2= 4.444444444444457
f3= 1.2171612389003692
Temps= 0.0280493s
