fonctionobjectif= 3
pourcentage= 0.05
decroissance= 2.0e-5
nbiterstagnant= 50
taille matrice: (30, 15)
nbiterameliore= 10
f1= 30
f2= 6.4
f3= 2.1499353995462798
Temps= 0.035211s
nbiterameliore= 15
f1= 30
f2= 6.4
f3= 2.1499353995462798
Temps= 0.0350539s
nbiterameliore= 100000000
f1= 30
f2= 6.4
f3= 2.1499353995462798
Temps= 0.0310677s
