fonctionobjectif= 3
pourcentage= 0.05
decroissance= 2.0e-5
nbiterstagnant= 50
taille matrice: (30, 15)
nbiterameliore= 10
f1= 30
f2= 6.666666666666674
f3= 2.0367003088692623
Temps= 0.0313144s
nbiterameliore= 15
f1= 30
f2= 6.666666666666674
f3= 2.0367003088692623
Temps= 0.0315417s
nbiterameliore= 100000000
f1= 30
f2= 6.666666666666674
f3= 2.0367003088692623
Temps= 0.0307178s
