fonctionobjectif= 3
pourcentage= 0.05
decroissance= 2.0e-5
nbiterstagnant= 50
taille matrice: (30, 15)
nbiterameliore= 10
f1= 20
f2= 3.4666666666666894
f3= 1.2881223774390613
Temps= 0.0334173s
nbiterameliore= 15
f1= 20
f2= 3.4666666666666894
f3= 1.2881223774390613
Temps= 0.031s
nbiterameliore= 100000000
f1= 20
f2= 3.4666666666666894
f3= 1.2881223774390613
Temps= 0.0280761s
