fonctionobjectif= 3
pourcentage= 0.05
decroissance= 2.0e-5
nbiterstagnant= 50
taille matrice: (30, 15)
nbiterameliore= 10
f1= 40
f2= 8.266666666666659
f3= 2.6443510721144023
Temps= 0.0272766s
nbiterameliore= 15
f1= 40
f2= 8.266666666666659
f3= 2.6443510721144023
Temps= 0.0270318s
nbiterameliore= 100000000
f1= 40
f2= 8.266666666666659
f3= 2.6443510721144023
Temps= 0.0274959s
