fonctionobjectif= 3
pourcentage= 0.05
decroissance= 2.0e-5
nbiterstagnant= 50
taille matrice: (30, 30)
nbiterameliore= 10
f1= 40
f2= 8.933333333333334
f3= 1.9206480387850577
Temps= 0.0482885s
nbiterameliore= 15
f1= 40
f2= 8.933333333333334
f3= 1.9206480387850577
Temps= 0.0574914s
nbiterameliore= 100000000
f1= 40
f2= 8.933333333333334
f3= 1.9206480387850577
Temps= 0.0441064s
