fonctionobjectif= 3
pourcentage= 0.05
decroissance= 2.0e-5
nbiterstagnant= 50
taille matrice: (30, 30)
nbiterameliore= 10
f1= 20
f2= 3.888888888888899
f3= 0.9525793444156803
Temps= 0.0438599s
nbiterameliore= 15
f1= 20
f2= 3.888888888888899
f3= 0.9525793444156803
Temps= 0.044966s
nbiterameliore= 100000000
f1= 20
f2= 3.888888888888899
f3= 0.9525793444156803
Temps= 0.0428567s
