fonctionobjectif= 3
pourcentage= 0.05
decroissance= 2.0e-5
nbiterstagnant= 50
taille matrice: (30, 30)
nbiterameliore= 10
f1= 30
f2= 5.800000000000008
f3= 1.2895592126625914
Temps= 0.0410968s
nbiterameliore= 15
f1= 30
f2= 5.800000000000008
f3= 1.2895592126625914
Temps= 0.0587348s
nbiterameliore= 100000000
f1= 30
f2= 5.800000000000008
f3= 1.2895592126625914
Temps= 0.0418384s
