fonctionobjectif= 3
pourcentage= 0.05
decroissance= 2.0e-5
nbiterstagnant= 50
taille matrice: (30, 30)
nbiterameliore= 10
f1= 40
f2= 7.4
f3= 1.8469193569593425
Temps= 0.0469726s
nbiterameliore= 15
f1= 40
f2= 7.4
f3= 1.8469193569593425
Temps= 0.0467087s
nbiterameliore= 100000000
f1= 40
f2= 7.4
f3= 1.8469193569593425
Temps= 0.0450042s
