fonctionobjectif= 3
pourcentage= 0.05
decroissance= 2.0e-5
nbiterstagnant= 50
taille matrice: (30, 30)
nbiterameliore= 10
f1= 30
f2= 5.555555555555562
f3= 1.2412657816683503
Temps= 0.0463703s
nbiterameliore= 15
f1= 30
f2= 5.555555555555562
f3= 1.2412657816683503
Temps= 0.0495699s
nbiterameliore= 100000000
f1= 30
f2= 5.555555555555562
f3= 1.2412657816683503
Temps= 0.0420206s
