fonctionobjectif= 3
pourcentage= 0.05
decroissance= 2.0e-5
nbiterstagnant= 50
taille matrice: (30, 30)
nbiterameliore= 10
f1= 40
f2= 8.977777777777776
f3= 1.9283460577703677
Temps= 0.0435752s
nbiterameliore= 15
f1= 40
f2= 8.977777777777776
f3= 1.9283460577703677
Temps= 0.0448127s
nbiterameliore= 100000000
f1= 40
f2= 8.977777777777776
f3= 1.9283460577703677
Temps= 0.0410644s
