fonctionobjectif= 3
pourcentage= 0.05
decroissance= 2.0e-5
nbiterstagnant= 50
taille matrice: (30, 30)
nbiterameliore= 10
f1= 30
f2= 5.333333333333333
f3= 1.169045194450012
Temps= 0.044392s
nbiterameliore= 15
f1= 30
f2= 5.333333333333333
f3= 1.169045194450012
Temps= 0.0471656s
nbiterameliore= 100000000
f1= 30
f2= 5.333333333333333
f3= 1.169045194450012
Temps= 0.044813s
