fonctionobjectif= 3
pourcentage= 0.05
decroissance= 2.0e-5
nbiterstagnant= 50
taille matrice: (30, 29)
nbiterameliore= 10
f1= 40
f2= 7.134363852556476
f3= 1.66485475607012
Temps= 0.0407773s
nbiterameliore= 15
f1= 40
f2= 7.134363852556476
f3= 1.66485475607012
Temps= 0.0516896s
nbiterameliore= 100000000
f1= 40
f2= 7.134363852556476
f3= 1.66485475607012
Temps= 0.0400791s
