fonctionobjectif= 3
pourcentage= 0.05
decroissance= 2.0e-5
nbiterstagnant= 50
taille matrice: (30, 30)
nbiterameliore= 10
f1= 30
f2= 3.9999999999999774
f3= 1.0628403594282771
Temps= 0.0397821s
nbiterameliore= 15
f1= 30
f2= 3.9999999999999774
f3= 1.0628403594282771
Temps= 0.0392505s
nbiterameliore= 100000000
f1= 30
f2= 3.9999999999999774
f3= 1.0628403594282771
Temps= 0.0383216s
