fonctionobjectif= 3
pourcentage= 0.05
decroissance= 2.0e-5
nbiterstagnant= 50
taille matrice: (30, 29)
nbiterameliore= 10
f1= 30
f2= 6.420927467300846
f3= 1.5367890056031877
Temps= 0.040797s
nbiterameliore= 15
f1= 30
f2= 6.420927467300846
f3= 1.5367890056031877
Temps= 0.040526s
nbiterameliore= 100000000
f1= 30
f2= 6.420927467300846
f3= 1.5367890056031877
Temps= 0.0379095s
