fonctionobjectif= 3
pourcentage= 0.05
decroissance= 2.0e-5
nbiterstagnant= 50
taille matrice: (30, 30)
nbiterameliore= 10
f1= 30
f2= 6.0
f3= 1.3662601021279464
Temps= 0.0395284s
nbiterameliore= 15
f1= 30
f2= 6.0
f3= 1.3662601021279464
Temps= 0.0408827s
nbiterameliore= 100000000
f1= 30
f2= 6.0
f3= 1.3662601021279464
Temps= 0.0376723s
