fonctionobjectif= 3
pourcentage= 0.05
decroissance= 2.0e-5
nbiterstagnant= 50
taille matrice: (30, 27)
nbiterameliore= 10
f1= 30
f2= 8.559670781893002
f3= 1.9830096795319772
Temps= 0.039718s
nbiterameliore= 15
f1= 30
f2= 8.559670781893002
f3= 1.9830096795319772
Temps= 0.039889s
nbiterameliore= 100000000
f1= 30
f2= 8.559670781893002
f3= 1.9830096795319772
Temps= 0.0366569s
