fonctionobjectif= 3
pourcentage= 0.05
decroissance= 2.0e-5
nbiterstagnant= 50
taille matrice: (30, 30)
nbiterameliore= 10
f1= 40
f2= 8.822222222222218
f3= 1.9138868730839254
Temps= 0.0424738s
nbiterameliore= 15
f1= 40
f2= 8.822222222222218
f3= 1.9138868730839254
Temps= 0.0438516s
nbiterameliore= 100000000
f1= 40
f2= 8.822222222222218
f3= 1.9138868730839254
Temps= 0.0447227s
