fonctionobjectif= 3
pourcentage= 0.05
decroissance= 2.0e-5
nbiterstagnant= 50
taille matrice: (30, 28)
nbiterameliore= 10
f1= 30
f2= 5.612244897959191
f3= 1.1767921014970197
Temps= 0.0464899s
nbiterameliore= 15
f1= 30
f2= 5.612244897959191
f3= 1.1767921014970197
Temps= 0.0462233s
nbiterameliore= 100000000
f1= 30
f2= 5.612244897959191
f3= 1.1767921014970197
Temps= 0.041832s
