fonctionobjectif= 3
pourcentage= 0.05
decroissance= 2.0e-5
nbiterstagnant= 50
taille matrice: (30, 30)
nbiterameliore= 10
f1= 20
f2= 5.4
f3= 1.2780193008453875
Temps= 0.0399508s
nbiterameliore= 15
f1= 20
f2= 5.4
f3= 1.2780193008453875
Temps= 0.0404155s
nbiterameliore= 100000000
f1= 20
f2= 5.4
f3= 1.2780193008453875
Temps= 0.0371127s
