fonctionobjectif= 3
pourcentage= 0.05
decroissance= 2.0e-5
nbiterstagnant= 50
taille matrice: (30, 27)
nbiterameliore= 10
f1= 30
f2= 6.474622770919068
f3= 1.421987863635473
Temps= 0.0400182s
nbiterameliore= 15
f1= 30
f2= 6.474622770919068
f3= 1.421987863635473
Temps= 0.043545s
nbiterameliore= 100000000
f1= 30
f2= 6.474622770919068
f3= 1.421987863635473
Temps= 0.039017s
