fonctionobjectif= 3
pourcentage= 0.05
decroissance= 2.0e-5
nbiterstagnant= 50
taille matrice: (30, 30)
nbiterameliore= 10
f1= 30
f2= 6.933333333333334
f3= 1.460593486680443
Temps= 0.0405521s
nbiterameliore= 15
f1= 30
f2= 6.933333333333334
f3= 1.460593486680443
Temps= 0.0419266s
nbiterameliore= 100000000
f1= 30
f2= 6.933333333333334
f3= 1.460593486680443
Temps= 0.0381474s
