fonctionobjectif= 3
pourcentage= 0.05
decroissance= 2.0e-5
nbiterstagnant= 50
taille matrice: (30, 30)
nbiterameliore= 10
f1= 30
f2= 5.866666666666682
f3= 1.3931047127695535
Temps= 0.0426819s
nbiterameliore= 15
f1= 30
f2= 5.866666666666682
f3= 1.3931047127695535
Temps= 0.0441071s
nbiterameliore= 100000000
f1= 30
f2= 5.866666666666682
f3= 1.3931047127695535
Temps= 0.0453021s
