fonctionobjectif= 3
pourcentage= 0.05
decroissance= 2.0e-5
nbiterstagnant= 50
taille matrice: (40, 24)
nbiterameliore= 10
f1= 20
f2= 5.27777777777779
f3= 1.3148677936639923
Temps= 0.0595379s
nbiterameliore= 15
f1= 20
f2= 5.27777777777779
f3= 1.3148677936639923
Temps= 0.0559268s
nbiterameliore= 100000000
f1= 20
f2= 5.27777777777779
f3= 1.3148677936639923
Temps= 0.0505669s
