fonctionobjectif= 3
pourcentage= 0.05
decroissance= 2.0e-5
nbiterstagnant= 50
taille matrice: (40, 25)
nbiterameliore= 10
f1= 30
f2= 4.832000000000011
f3= 1.3481839637082174
Temps= 0.0507297s
nbiterameliore= 15
f1= 30
f2= 4.832000000000011
f3= 1.3481839637082174
Temps= 0.0555682s
nbiterameliore= 100000000
f1= 30
f2= 4.832000000000011
f3= 1.3481839637082174
Temps= 0.0491653s
