fonctionobjectif= 3
pourcentage= 0.05
decroissance= 2.0e-5
nbiterstagnant= 50
taille matrice: (40, 25)
nbiterameliore= 10
f1= 20
f2= 5.183999999999987
f3= 1.2026637102698325
Temps= 0.0495397s
nbiterameliore= 15
f1= 20
f2= 5.183999999999987
f3= 1.2026637102698325
Temps= 0.0503375s
nbiterameliore= 100000000
f1= 20
f2= 5.183999999999987
f3= 1.2026637102698325
Temps= 0.0470276s
