fonctionobjectif= 3
pourcentage= 0.05
decroissance= 2.0e-5
nbiterstagnant= 50
taille matrice: (40, 25)
nbiterameliore= 10
f1= 20
f2= 6.335999999999995
f3= 1.4444376068214229
Temps= 0.0482747s
nbiterameliore= 15
f1= 20
f2= 6.335999999999995
f3= 1.4444376068214229
Temps= 0.0518726s
nbiterameliore= 100000000
f1= 20
f2= 6.335999999999995
f3= 1.4444376068214229
Temps= 0.0476254s
