fonctionobjectif= 3
pourcentage= 0.05
decroissance= 2.0e-5
nbiterstagnant= 50
taille matrice: (40, 25)
nbiterameliore= 10
f1= 30
f2= 6.56
f3= 1.6
Temps= 0.052658s
nbiterameliore= 15
f1= 30
f2= 6.56
f3= 1.6
Temps= 0.0712536s
nbiterameliore= 100000000
f1= 30
f2= 6.56
f3= 1.6
Temps= 0.0485274s
