fonctionobjectif= 3
pourcentage= 0.05
decroissance= 2.0e-5
nbiterstagnant= 50
taille matrice: (40, 25)
nbiterameliore= 10
f1= 10
f2= 4.608000000000007
f3= 0.9599999999999999
Temps= 0.0441122s
nbiterameliore= 15
f1= 10
f2= 4.608000000000007
f3= 0.9599999999999999
Temps= 0.0432197s
nbiterameliore= 100000000
f1= 10
f2= 4.608000000000007
f3= 0.9599999999999999
Temps= 0.0406403s
