fonctionobjectif= 3
pourcentage= 0.05
decroissance= 2.0e-5
nbiterstagnant= 50
taille matrice: (40, 25)
nbiterameliore= 10
f1= 20
f2= 4.896000000000012
f3= 1.0910545357588683
Temps= 0.055979s
nbiterameliore= 15
f1= 20
f2= 4.896000000000012
f3= 1.0910545357588683
Temps= 0.0556522s
nbiterameliore= 100000000
f1= 20
f2= 4.896000000000012
f3= 1.0910545357588683
Temps= 0.0525065s
