fonctionobjectif= 3
pourcentage= 0.05
decroissance= 2.0e-5
nbiterstagnant= 50
taille matrice: (40, 25)
nbiterameliore= 10
f1= 20
f2= 3.6799999999999726
f3= 1.12
Temps= 0.0538437s
nbiterameliore= 15
f1= 20
f2= 3.6799999999999726
f3= 1.12
Temps= 0.0537912s
nbiterameliore= 100000000
f1= 20
f2= 3.6799999999999726
f3= 1.12
Temps= 0.0471386s
