fonctionobjectif= 3
pourcentage= 0.05
decroissance= 2.0e-5
nbiterstagnant= 50
taille matrice: (40, 25)
nbiterameliore= 10
f1= 30
f2= 6.975999999999995
f3= 1.6119553343687907
Temps= 0.0526293s
nbiterameliore= 15
f1= 30
f2= 6.975999999999995
f3= 1.6119553343687907
Temps= 0.0561819s
nbiterameliore= 100000000
f1= 30
f2= 6.975999999999995
f3= 1.6119553343687907
Temps= 0.0508888s
