fonctionobjectif= 3
pourcentage= 0.05
decroissance= 2.0e-5
nbiterstagnant= 50
taille matrice: (40, 25)
nbiterameliore= 10
f1= 30
f2= 7.424000000000001
f3= 1.7045820602130013
Temps= 0.0530551s
nbiterameliore= 15
f1= 30
f2= 7.424000000000001
f3= 1.7045820602130013
Temps= 0.0589616s
nbiterameliore= 100000000
f1= 30
f2= 7.424000000000001
f3= 1.7045820602130013
Temps= 0.0641751s
