fonctionobjectif= 3
pourcentage= 0.05
decroissance= 2.0e-5
nbiterstagnant= 50
taille matrice: (40, 25)
nbiterameliore= 10
f1= 30
f2= 5.632000000000012
f3= 1.5676734353812338
Temps= 0.044672s
nbiterameliore= 15
f1= 30
f2= 5.632000000000012
f3= 1.5676734353812338
Temps= 0.0487017s
nbiterameliore= 100000000
f1= 30
f2= 5.632000000000012
f3= 1.5676734353812338
Temps= 0.0454174s
