fonctionobjectif= 3
pourcentage= 0.05
decroissance= 2.0e-5
nbiterstagnant= 50
taille matrice: (40, 25)
nbiterameliore= 10
f1= 20
f2= 5.37599999999999
f3= 1.44
Temps= 0.064665s
nbiterameliore= 15
f1= 20
f2= 5.37599999999999
f3= 1.44
Temps= 0.0650252s
nbiterameliore= 100000000
f1= 20
f2= 5.37599999999999
f3= 1.44
Temps= 0.0594294s
