fonctionobjectif= 3
pourcentage= 0.05
decroissance= 2.0e-5
nbiterstagnant= 50
taille matrice: (40, 24)
nbiterameliore= 10
f1= 20
f2= 3.1944444444444193
f3= 1.0991105410655844
Temps= 0.0476432s
nbiterameliore= 15
f1= 20
f2= 3.1944444444444193
f3= 1.0991105410655844
Temps= 0.0464576s
nbiterameliore= 100000000
f1= 20
f2= 3.1944444444444193
f3= 1.0991105410655844
Temps= 0.0438845s
