fonctionobjectif= 3
pourcentage= 0.05
decroissance= 2.0e-5
nbiterstagnant= 50
taille matrice: (40, 38)
nbiterameliore= 10
f1= 20
f2= 4.3628808864265896
f3= 1.0111277642272483
Temps= 0.0806234s
nbiterameliore= 15
f1= 20
f2= 4.3628808864265896
f3= 1.0111277642272483
Temps= 0.0696026s
nbiterameliore= 100000000
f1= 20
f2= 4.3628808864265896
f3= 1.0111277642272483
Temps= 0.0656477s
