fonctionobjectif= 3
pourcentage= 0.05
decroissance= 2.0e-5
nbiterstagnant= 50
taille matrice: (40, 40)
nbiterameliore= 10
f1= 40
f2= 7.2
f3= 1.466287829861518
Temps= 0.0738919s
nbiterameliore= 15
f1= 40
f2= 7.2
f3= 1.466287829861518
Temps= 0.0954283s
nbiterameliore= 100000000
f1= 40
f2= 7.2
f3= 1.466287829861518
Temps= 0.0856151s
