fonctionobjectif= 3
pourcentage= 0.05
decroissance= 2.0e-5
nbiterstagnant= 50
taille matrice: (40, 39)
nbiterameliore= 10
f1= 20
f2= 4.023668639053248
f3= 0.9014187939807119
Temps= 0.0687374s
nbiterameliore= 15
f1= 20
f2= 4.023668639053248
f3= 0.9014187939807119
Temps= 0.0704177s
nbiterameliore= 100000000
f1= 20
f2= 4.023668639053248
f3= 0.9014187939807119
Temps= 0.0717154s
