fonctionobjectif= 3
pourcentage= 0.05
decroissance= 2.0e-5
nbiterstagnant= 50
taille matrice: (40, 40)
nbiterameliore= 10
f1= 40
f2= 6.85
f3= 1.4053469322555197
Temps= 0.068189s
nbiterameliore= 15
f1= 40
f2= 6.85
f3= 1.4053469322555197
Temps= 0.069125s
nbiterameliore= 100000000
f1= 40
f2= 6.85
f3= 1.4053469322555197
Temps= 0.0668849s
