fonctionobjectif= 3
pourcentage= 0.05
decroissance= 2.0e-5
nbiterstagnant= 50
taille matrice: (40, 40)
nbiterameliore= 10
f1= 20
f2= 5.6
f3= 1.0124228365658294
Temps= 0.067971s
nbiterameliore= 15
f1= 20
f2= 5.6
f3= 1.0124228365658294
Temps= 0.0684673s
nbiterameliore= 100000000
f1= 20
f2= 5.6
f3= 1.0124228365658294
Temps= 0.0614982s
