fonctionobjectif= 3
pourcentage= 0.05
decroissance= 2.0e-5
nbiterstagnant= 50
taille matrice: (40, 40)
nbiterameliore= 10
f1= 20
f2= 5.4
f3= 0.9609565546891284
Temps= 0.0828124s
nbiterameliore= 15
f1= 20
f2= 5.4
f3= 0.9609565546891284
Temps= 0.0772899s
nbiterameliore= 100000000
f1= 20
f2= 5.4
f3= 0.9609565546891284
Temps= 0.0738454s
