fonctionobjectif= 3
pourcentage= 0.05
decroissance= 2.0e-5
nbiterstagnant= 50
taille matrice: (40, 40)
nbiterameliore= 10
f1= 30
f2= 6.0
f3= 1.100426053853688
Temps= 0.072094s
nbiterameliore= 15
f1= 30
f2= 6.0
f3= 1.100426053853688
Temps= 0.0712324s
nbiterameliore= 100000000
f1= 30
f2= 6.0
f3= 1.100426053853688
Temps= 0.0663181s
