fonctionobjectif= 3
pourcentage= 0.05
decroissance= 2.0e-5
nbiterstagnant= 50
taille matrice: (40, 40)
nbiterameliore= 10
f1= 20
f2= 6.3375
f3= 1.2493748436718262
Temps= 0.0781051s
nbiterameliore= 15
f1= 20
f2= 6.3375
f3= 1.2493748436718262
Temps= 0.0733382s
nbiterameliore= 100000000
f1= 20
f2= 6.3375
f3= 1.2493748436718262
Temps= 0.0706659s
