fonctionobjectif= 3
pourcentage= 0.05
decroissance= 2.0e-5
nbiterstagnant= 50
taille matrice: (40, 38)
nbiterameliore= 10
f1= 20
f2= 5.401662049861491
f3= 0.9920224143750682
Temps= 0.0675685s
nbiterameliore= 15
f1= 20
f2= 5.401662049861491
f3= 0.9920224143750682
Temps= 0.067969s
nbiterameliore= 100000000
f1= 20
f2= 5.401662049861491
f3= 0.9920224143750682
Temps= 0.0748189s
