fonctionobjectif= 3
pourcentage= 0.05
decroissance= 2.0e-5
nbiterstagnant= 50
taille matrice: (40, 38)
nbiterameliore= 10
f1= 30
f2= 5.4709141274238275
f3= 0.9631268632513743
Temps= 0.0652775s
nbiterameliore= 15
f1= 30
f2= 5.4709141274238275
f3= 0.9631268632513743
Temps= 0.0683767s
nbiterameliore= 100000000
f1= 30
f2= 5.4709141274238275
f3= 0.9631268632513743
Temps= 0.0616535s
