fonctionobjectif= 3
pourcentage= 0.05
decroissance= 2.0e-5
nbiterstagnant= 50
taille matrice: (40, 37)
nbiterameliore= 10
f1= 10
f2= 4.704163623082533
f3= 0.797306582754116
Temps= 0.0558728s
nbiterameliore= 15
f1= 10
f2= 4.704163623082533
f3= 0.797306582754116
Temps= 0.0524907s
nbiterameliore= 100000000
f1= 10
f2= 4.704163623082533
f3= 0.797306582754116
Temps= 0.0512987s
