fonctionobjectif= 3
pourcentage= 0.05
decroissance= 2.0e-5
nbiterstagnant= 50
taille matrice: (40, 40)
nbiterameliore= 10
f1= 30
f2= 7.6
f3= 1.466287829861518
Temps= 0.0831641s
nbiterameliore= 15
f1= 30
f2= 7.6
f3= 1.466287829861518
Temps= 0.0805639s
nbiterameliore= 100000000
f1= 30
f2= 7.6
f3= 1.466287829861518
Temps= 0.0779608s
