fonctionobjectif= 3
pourcentage= 0.05
decroissance= 2.0e-5
nbiterstagnant= 50
taille matrice: (40, 40)
nbiterameliore= 10
f1= 20
f2= 6.075
f3= 1.0832532021646648
Temps= 0.072096s
nbiterameliore= 15
f1= 20
f2= 6.075
f3= 1.0832532021646648
Temps= 0.0740326s
nbiterameliore= 100000000
f1= 20
f2= 6.075
f3= 1.0832532021646648
Temps= 0.0857105s
