fonctionobjectif= 3
pourcentage= 0.05
decroissance= 2.0e-5
nbiterstagnant= 50
taille matrice: (40, 40)
nbiterameliore= 10
f1= 30
f2= 6.3375
f3= 1.298436559867289
Temps= 0.0751473s
nbiterameliore= 15
f1= 30
f2= 6.3375
f3= 1.298436559867289
Temps= 0.069923s
nbiterameliore= 100000000
f1= 30
f2= 6.3375
f3= 1.298436559867289
Temps= 0.066002s
