fonctionobjectif= 3
pourcentage= 0.05
decroissance= 2.0e-5
nbiterstagnant= 50
taille matrice: (40, 40)
nbiterameliore= 10
f1= 10
f2= 4.8
f3= 0.7745966692414834
Temps= 0.0735614s
nbiterameliore= 15
f1= 10
f2= 4.8
f3= 0.7745966692414834
Temps= 0.0720649s
nbiterameliore= 100000000
f1= 10
f2= 4.8
f3= 0.7745966692414834
Temps= 0.0649172s
