fonctionobjectif= 3
pourcentage= 0.05
decroissance= 2.0e-5
nbiterstagnant= 50
taille matrice: (50, 39)
nbiterameliore= 10
f1= 30
f2= 7.140039447731767
f3= 1.3654652524394812
Temps= 0.0673451s
nbiterameliore= 15
f1= 30
f2= 7.140039447731767
f3= 1.3654652524394812
Temps= 0.0661776s
nbiterameliore= 100000000
f1= 30
f2= 7.140039447731767
f3= 1.3654652524394812
Temps= 0.060489s
