fonctionobjectif= 3
pourcentage= 0.05
decroissance= 2.0e-5
nbiterstagnant= 50
taille matrice: (50, 40)
nbiterameliore= 10
f1= 30
f2= 3.5625
f3= 0.879452954966893
Temps= 0.0844442s
nbiterameliore= 15
f1= 30
f2= 3.5625
f3= 0.879452954966893
Temps= 0.0846554s
nbiterameliore= 100000000
f1= 30
f2= 3.5625
f3= 0.879452954966893
Temps= 0.083104s
