fonctionobjectif= 3
pourcentage= 0.05
decroissance= 2.0e-5
nbiterstagnant= 50
taille matrice: (50, 40)
nbiterameliore= 10
f1= 20
f2= 5.6
f3= 1.0723805294763609
Temps= 0.0812696s
nbiterameliore= 15
f1= 20
f2= 5.6
f3= 1.0723805294763609
Temps= 0.0778171s
nbiterameliore= 100000000
f1= 20
f2= 5.6
f3= 1.0723805294763609
Temps= 0.0813816s
