fonctionobjectif= 3
pourcentage= 0.05
decroissance= 2.0e-5
nbiterstagnant= 50
taille matrice: (50, 40)
nbiterameliore= 10
f1= 40
f2= 9.0125
f3= 1.6951216770485829
Temps= 0.0892208s
nbiterameliore= 15
f1= 40
f2= 9.0125
f3= 1.6951216770485829
Temps= 0.0897431s
nbiterameliore= 100000000
f1= 40
f2= 9.0125
f3= 1.6951216770485829
Temps= 0.0911077s
