fonctionobjectif= 3
pourcentage= 0.05
decroissance= 2.0e-5
nbiterstagnant= 50
taille matrice: (50, 40)
nbiterameliore= 10
f1= 40
f2= 5.75
f3= 1.2839149115108834
Temps= 0.0838444s
nbiterameliore= 15
f1= 40
f2= 5.75
f3= 1.2839149115108834
Temps= 0.0813175s
nbiterameliore= 100000000
f1= 40
f2= 5.75
f3= 1.2839149115108834
Temps= 0.0850491s
