fonctionobjectif= 3
pourcentage= 0.05
decroissance= 2.0e-5
nbiterstagnant= 50
taille matrice: (50, 39)
nbiterameliore= 10
f1= 20
f2= 5.890861275476668
f3= 1.1393271640857965
Temps= 0.0887501s
nbiterameliore= 15
f1= 20
f2= 5.890861275476668
f3= 1.1393271640857965
Temps= 0.0981432s
nbiterameliore= 100000000
f1= 20
f2= 5.890861275476668
f3= 1.1393271640857965
Temps= 0.0870581s
