fonctionobjectif= 3
pourcentage= 0.05
decroissance= 2.0e-5
nbiterstagnant= 50
taille matrice: (50, 40)
nbiterameliore= 10
f1= 10
f2= 4.8875
f3= 0.7816249100431741
Temps= 0.0774753s
nbiterameliore= 15
f1= 10
f2= 4.8875
f3= 0.7816249100431741
Temps= 0.0726534s
nbiterameliore= 100000000
f1= 10
f2= 4.8875
f3= 0.7816249100431741
Temps= 0.0805818s
