fonctionobjectif= 3
pourcentage= 0.05
decroissance= 2.0e-5
nbiterstagnant= 50
taille matrice: (50, 39)
nbiterameliore= 10
f1= 20
f2= 3.786982248520679
f3= 0.9162579604999553
Temps= 0.0786554s
nbiterameliore= 15
f1= 20
f2= 3.786982248520679
f3= 0.9162579604999553
Temps= 0.0771577s
nbiterameliore= 100000000
f1= 20
f2= 3.786982248520679
f3= 0.9162579604999553
Temps= 0.0783133s
