fonctionobjectif= 3
pourcentage= 0.05
decroissance= 2.0e-5
nbiterstagnant= 50
taille matrice: (50, 40)
nbiterameliore= 10
f1= 30
f2= 5.675
f3= 1.2015614840697917
Temps= 0.0957347s
nbiterameliore= 15
f1= 30
f2= 5.675
f3= 1.2015614840697917
Temps= 0.0954784s
nbiterameliore= 100000000
f1= 30
f2= 5.675
f3= 1.2015614840697917
Temps= 0.0963611s
