fonctionobjectif= 3
pourcentage= 0.05
decroissance= 2.0e-5
nbiterstagnant= 50
taille matrice: (50, 40)
nbiterameliore= 10
f1= 20
f2= 5.95
f3= 1.1483684077855851
Temps= 0.0929106s
nbiterameliore= 15
f1= 20
f2= 5.95
f3= 1.1483684077855851
Temps= 0.0897087s
nbiterameliore= 100000000
f1= 20
f2= 5.95
f3= 1.1483684077855851
Temps= 0.0891994s
