fonctionobjectif= 3
pourcentage= 0.05
decroissance= 2.0e-5
nbiterstagnant= 50
taille matrice: (50, 40)
nbiterameliore= 10
f1= 10
f2= 0.95
f3= 0.3446012188022555
Temps= 0.1093865s
nbiterameliore= 15
f1= 10
f2= 0.95
f3= 0.3446012188022555
Temps= 0.1077243s
nbiterameliore= 100000000
f1= 10
f2= 0.95
f3= 0.3446012188022555
Temps= 0.1006294s
