fonctionobjectif= 3
pourcentage= 0.05
decroissance= 2.0e-5
nbiterstagnant= 50
taille matrice: (50, 40)
nbiterameliore= 10
f1= 20
f2= 4.95
f3= 1.0488088481701516
Temps= 0.0952787s
nbiterameliore= 15
f1= 20
f2= 4.95
f3= 1.0488088481701516
Temps= 0.0943136s
nbiterameliore= 100000000
f1= 20
f2= 4.95
f3= 1.0488088481701516
Temps= 0.1133883s
