fonctionobjectif= 3
pourcentage= 0.05
decroissance= 2.0e-5
nbiterstagnant= 50
taille matrice: (50, 40)
nbiterameliore= 10
f1= 20
f2= 5.175
f3= 0.8578679968386744
Temps= 0.0915567s
nbiterameliore= 15
f1= 20
f2= 5.175
f3= 0.8578679968386744
Temps= 0.0890385s
nbiterameliore= 100000000
f1= 20
f2= 5.175
f3= 0.8578679968386744
Temps= 0.1005069s
