fonctionobjectif= 3
pourcentage= 0.05
decroissance= 2.0e-5
nbiterstagnant= 50
taille matrice: (50, 40)
nbiterameliore= 10
f1= 20
f2= 4.2625
f3= 0.8282134386738722
Temps= 0.093623s
nbiterameliore= 15
f1= 20
f2= 4.2625
f3= 0.8282134386738722
Temps= 0.0978498s
nbiterameliore= 100000000
f1= 20
f2= 4.2625
f3= 0.8282134386738722
Temps= 0.1035027s
