fonctionobjectif= 3
pourcentage= 0.05
decroissance= 2.0e-5
nbiterstagnant= 50
taille matrice: (50, 40)
nbiterameliore= 10
f1= 20
f2= 3.3
f3= 0.6970921746799343
Temps= 0.0883407s
nbiterameliore= 15
f1= 20
f2= 3.3
f3= 0.6970921746799343
Temps= 0.0844258s
nbiterameliore= 100000000
f1= 20
f2= 3.3
f3= 0.6970921746799343
Temps= 0.0874468s
