fonctionobjectif= 3
pourcentage= 0.05
decroissance= 2.0e-5
nbiterstagnant= 50
taille matrice: (50, 40)
nbiterameliore= 10
f1= 20
f2= 4.875
f3= 0.8329165624478841
Temps= 0.0827562s
nbiterameliore= 15
f1= 20
f2= 4.875
f3= 0.8329165624478841
Temps= 0.0797964s
nbiterameliore= 100000000
f1= 20
f2= 4.875
f3= 0.8329165624478841
Temps= 0.0755425s
