fonctionobjectif= 3
pourcentage= 0.05
decroissance= 2.0e-5
nbiterstagnant= 50
taille matrice: (50, 40)
nbiterameliore= 10
f1= 30
f2= 6.1
f3= 1.1067971810589328
Temps= 0.0832963s
nbiterameliore= 15
f1= 30
f2= 6.1
f3= 1.1067971810589328
Temps= 0.0861514s
nbiterameliore= 100000000
f1= 30
f2= 6.1
f3= 1.1067971810589328
Temps= 0.0975176s
