fonctionobjectif= 3
pourcentage= 0.05
decroissance= 2.0e-5
nbiterstagnant= 50
taille matrice: (50, 39)
nbiterameliore= 10
f1= 30
f2= 5.509533201840895
f3= 0.950573021534665
Temps= 0.1488128s
nbiterameliore= 15
f1= 30
f2= 5.509533201840895
f3= 0.950573021534665
Temps= 0.1379908s
nbiterameliore= 100000000
f1= 30
f2= 5.509533201840895
f3= 0.950573021534665
Temps= 0.1302874s
