fonctionobjectif= 3
pourcentage= 0.05
decroissance= 2.0e-5
nbiterstagnant= 50
taille matrice: (50, 39)
nbiterameliore= 10
f1= 20
f2= 4.786324786324785
f3= 0.8844271779513602
Temps= 0.0900606s
nbiterameliore= 15
f1= 20
f2= 4.786324786324785
f3= 0.8844271779513602
Temps= 0.0755568s
nbiterameliore= 100000000
f1= 20
f2= 4.786324786324785
f3= 0.8844271779513602
Temps= 0.088805s
