fonctionobjectif= 3
pourcentage= 0.05
decroissance= 2.0e-5
nbiterstagnant= 50
taille matrice: (50, 40)
nbiterameliore= 10
f1= 20
f2= 5.625
f3= 1.0458250331675945
Temps= 0.0831231s
nbiterameliore= 15
f1= 20
f2= 5.625
f3= 1.0458250331675945
Temps= 0.0648427s
nbiterameliore= 100000000
f1= 20
f2= 5.625
f3= 1.0458250331675945
Temps= 0.0648333s
