fonctionobjectif= 3
pourcentage= 0.05
decroissance= 2.0e-5
nbiterstagnant= 50
taille matrice: (50, 40)
nbiterameliore= 10
f1= 10
f2= 2.55
f3= 0.5645794895318107
Temps= 0.0972018s
nbiterameliore= 15
f1= 10
f2= 2.55
f3= 0.5645794895318107
Temps= 0.0889404s
nbiterameliore= 100000000
f1= 10
f2= 2.55
f3= 0.5645794895318107
Temps= 0.0798225s
