fonctionobjectif= 3
pourcentage= 0.05
decroissance= 2.0e-5
nbiterstagnant= 50
taille matrice: (55, 55)
nbiterameliore= 10
f1= 20
f2= 6.082644628099177
f3= 0.9431631482768335
Temps= 0.1393605s
nbiterameliore= 15
f1= 20
f2= 6.082644628099177
f3= 0.9431631482768335
Temps= 0.15591s
nbiterameliore= 100000000
f1= 20
f2= 6.082644628099177
f3= 0.9431631482768335
Temps= 0.1150314s
