fonctionobjectif= 3
pourcentage= 0.05
decroissance= 2.0e-5
nbiterstagnant= 50
taille matrice: (55, 55)
nbiterameliore= 10
f1= 30
f2= 5.381818181818182
f3= 0.7966873563711507
Temps= 0.1234059s
nbiterameliore= 15
f1= 30
f2= 5.381818181818182
f3= 0.7966873563711507
Temps= 0.1309172s
nbiterameliore= 100000000
f1= 30
f2= 5.381818181818182
f3= 0.7966873563711507
Temps= 0.101984s
