fonctionobjectif= 3
pourcentage= 0.05
decroissance= 2.0e-5
nbiterstagnant= 50
taille matrice: (55, 55)
nbiterameliore= 10
f1= 20
f2= 4.442975206611575
f3= 0.7256179521427414
Temps= 0.1109079s
nbiterameliore= 15
f1= 20
f2= 4.442975206611575
f3= 0.7256179521427414
Temps= 0.1176649s
nbiterameliore= 100000000
f1= 20
f2= 4.442975206611575
f3= 0.7256179521427414
Temps= 0.0970577s
