fonctionobjectif= 3
pourcentage= 0.05
decroissance= 2.0e-5
nbiterstagnant= 50
taille matrice: (55, 50)
nbiterameliore= 10
f1= 20
f2= 5.104000000000005
f3= 0.7531268153505093
Temps= 0.100697s
nbiterameliore= 15
f1= 20
f2= 5.104000000000005
f3= 0.7531268153505093
Temps= 0.1308546s
nbiterameliore= 100000000
f1= 20
f2= 5.104000000000005
f3= 0.7531268153505093
Temps= 0.0912478s
