fonctionobjectif= 3
pourcentage= 0.05
decroissance= 2.0e-5
nbiterstagnant= 50
taille matrice: (55, 54)
nbiterameliore= 10
f1= 20
f2= 4.979423868312745
f3= 0.7181040480088539
Temps= 0.1039695s
nbiterameliore= 15
f1= 20
f2= 4.979423868312745
f3= 0.7181040480088539
Temps= 0.1167569s
nbiterameliore= 100000000
f1= 20
f2= 4.979423868312745
f3= 0.7181040480088539
Temps= 0.0867529s
