fonctionobjectif= 3
pourcentage= 0.05
decroissance= 2.0e-5
nbiterstagnant= 50
taille matrice: (55, 55)
nbiterameliore= 10
f1= 20
f2= 5.957024793388434
f3= 1.0273495180835663
Temps= 0.1066487s
nbiterameliore= 15
f1= 20
f2= 5.957024793388434
f3= 1.0273495180835663
Temps= 0.1104961s
nbiterameliore= 100000000
f1= 20
f2= 5.957024793388434
f3= 1.0273495180835663
Temps= 0.0959319s
