fonctionobjectif= 3
pourcentage= 0.05
decroissance= 2.0e-5
nbiterstagnant= 50
taille matrice: (55, 55)
nbiterameliore= 10
f1= 20
f2= 5.414876033057844
f3= 0.8400207503429673
Temps= 0.1493077s
nbiterameliore= 15
f1= 20
f2= 5.1570247933884215
f3= 0.7996994176110315
Temps= 0.1341436s
nbiterameliore= 100000000
f1= 20
f2= 5.1570247933884215
f3= 0.7996994176110315
Temps= 0.1014489s
