fonctionobjectif= 3
pourcentage= 0.05
decroissance= 2.0e-5
nbiterstagnant= 50
taille matrice: (55, 55)
nbiterameliore= 10
f1= 20
f2= 4.264462809917332
f3= 0.7130847475932911
Temps= 0.1305391s
nbiterameliore= 15
f1= 20
f2= 4.264462809917332
f3= 0.7130847475932911
Temps= 0.1346399s
nbiterameliore= 100000000
f1= 20
f2= 4.264462809917332
f3= 0.7130847475932911
Temps= 0.1011421s
