fonctionobjectif= 3
pourcentage= 0.05
decroissance= 2.0e-5
nbiterstagnant= 50
taille matrice: (55, 55)
nbiterameliore= 10
f1= 20
f2= 4.5355371900826595
f3= 0.8400207503429672
Temps= 0.1266846s
nbiterameliore= 15
f1= 20
f2= 4.211570247933901
f3= 0.7996994176110314
Temps= 0.158472s
nbiterameliore= 100000000
f1= 20
f2= 4.5355371900826595
f3= 0.8400207503429672
Temps= 0.1034511s
