fonctionobjectif= 3
pourcentage= 0.05
decroissance= 2.0e-5
nbiterstagnant= 50
taille matrice: (55, 55)
nbiterameliore= 10
f1= 20
f2= 4.773553719008274
f3= 0.7214644094233706
Temps= 0.1124549s
nbiterameliore= 15
f1= 20
f2= 4.773553719008274
f3= 0.7214644094233706
Temps= 0.1233508s
nbiterameliore= 100000000
f1= 20
f2= 4.773553719008274
f3= 0.7214644094233706
Temps= 0.0927709s
