fonctionobjectif= 3
pourcentage= 0.05
decroissance= 2.0e-5
nbiterstagnant= 50
taille matrice: (55, 55)
nbiterameliore= 10
f1= 20
f2= 4.945454545454556
f3= 0.7037518857909512
Temps= 0.1258275s
nbiterameliore= 15
f1= 20
f2= 4.945454545454556
f3= 0.7037518857909512
Temps= 0.1598265s
nbiterameliore= 100000000
f1= 20
f2= 4.945454545454556
f3= 0.7037518857909512
Temps= 0.1047132s
