fonctionobjectif= 3
pourcentage= 0.05
decroissance= 2.0e-5
nbiterstagnant= 50
taille matrice: (55, 55)
nbiterameliore= 10
f1= 20
f2= 5.844628099173557
f3= 0.8716246478110148
Temps= 0.1343255s
nbiterameliore= 15
f1= 20
f2= 5.844628099173557
f3= 0.8716246478110148
Temps= 0.1548798s
nbiterameliore= 100000000
f1= 20
f2= 5.844628099173557
f3= 0.8716246478110148
Temps= 0.1136248s
