fonctionobjectif= 3
pourcentage= 0.05
decroissance= 2.0e-5
nbiterstagnant= 50
taille matrice: (55, 53)
nbiterameliore= 10
f1= 20
f2= 4.442862228551083
f3= 0.7135440653742331
Temps= 0.1314573s
nbiterameliore= 15
f1= 20
f2= 4.442862228551083
f3= 0.7135440653742331
Temps= 0.155611s
nbiterameliore= 100000000
f1= 20
f2= 4.442862228551083
f3= 0.7135440653742331
Temps= 0.1034916s
