fonctionobjectif= 3
pourcentage= 0.05
decroissance= 2.0e-5
nbiterstagnant= 50
taille matrice: (55, 55)
nbiterameliore= 10
f1= 10
f2= 4.628099173553716
f3= 0.6486418800115235
Temps= 0.1366797s
nbiterameliore= 15
f1= 10
f2= 4.628099173553716
f3= 0.6486418800115235
Temps= 0.133706s
nbiterameliore= 100000000
f1= 10
f2= 4.628099173553716
f3= 0.6486418800115235
Temps= 0.1005225s
