fonctionobjectif= 3
pourcentage= 0.05
decroissance= 2.0e-5
nbiterstagnant= 50
taille matrice: (55, 54)
nbiterameliore= 10
f1= 20
f2= 2.4485596707818837
f3= 0.609519063522577
Temps= 0.1313405s
nbiterameliore= 15
f1= 20
f2= 2.4485596707818837
f3= 0.609519063522577
Temps= 0.1256259s
nbiterameliore= 100000000
f1= 20
f2= 2.4485596707818837
f3= 0.609519063522577
Temps= 0.1000924s
