fonctionobjectif= 3
pourcentage= 0.05
decroissance= 2.0e-5
nbiterstagnant= 50
taille matrice: (55, 53)
nbiterameliore= 10
f1= 20
f2= 5.1263794944820225
f3= 0.7312110225064785
Temps= 0.1187008s
nbiterameliore= 15
f1= 20
f2= 5.1263794944820225
f3= 0.7312110225064785
Temps= 0.1385573s
nbiterameliore= 100000000
f1= 20
f2= 5.1263794944820225
f3= 0.7312110225064785
Temps= 0.1017328s
