fonctionobjectif= 3
pourcentage= 0.05
decroissance= 2.0e-5
nbiterstagnant= 50
taille matrice: (55, 55)
nbiterameliore= 10
f1= 20
f2= 4.561983471074376
f3= 0.8034486149932898
Temps= 0.1288592s
nbiterameliore= 15
f1= 20
f2= 4.561983471074376
f3= 0.8034486149932898
Temps= 0.1421665s
nbiterameliore= 100000000
f1= 20
f2= 4.561983471074376
f3= 0.8034486149932898
Temps= 0.1112903s
