fonctionobjectif= 3
pourcentage= 0.05
decroissance= 2.0e-5
nbiterstagnant= 50
taille matrice: (55, 55)
nbiterameliore= 10
f1= 20
f2= 4.760330578512408
f3= 0.6908220910861799
Temps= 0.1117285s
nbiterameliore= 15
f1= 20
f2= 4.760330578512408
f3= 0.6908220910861799
Temps= 0.1200428s
nbiterameliore= 100000000
f1= 20
f2= 4.760330578512408
f3= 0.6908220910861799
Temps= 0.0976595s
