fonctionobjectif= 3
pourcentage= 0.05
decroissance= 2.0e-5
nbiterstagnant= 50
taille matrice: (55, 55)
nbiterameliore= 10
f1= 20
f2= 3.4909090909090783
f3= 0.6829467244227031
Temps= 0.1224879s
nbiterameliore= 15
f1= 20
f2= 3.4909090909090783
f3= 0.6829467244227031
Temps= 0.1487925s
nbiterameliore= 100000000
f1= 20
f2= 3.4909090909090783
f3= 0.6829467244227031
Temps= 0.1065608s
