fonctionobjectif= 3
pourcentage= 0.05
decroissance= 2.0e-5
nbiterstagnant= 50
taille matrice: (55, 55)
nbiterameliore= 10
f1= 20
f2= 5.474380165289263
f3= 0.8219381174825139
Temps= 0.1422937s
nbiterameliore= 15
f1= 20
f2= 5.474380165289263
f3= 0.8219381174825139
Temps= 0.1628966s
nbiterameliore= 100000000
f1= 20
f2= 5.474380165289263
f3= 0.8219381174825139
Temps= 0.1124686s
