fonctionobjectif= 3
pourcentage= 0.05
decroissance= 2.0e-5
nbiterstagnant= 50
taille matrice: (55, 52)
nbiterameliore= 10
f1= 20
f2= 4.245562130177527
f3= 0.7366433175782745
Temps= 0.1161211s
nbiterameliore= 15
f1= 20
f2= 4.245562130177527
f3= 0.7366433175782745
Temps= 0.1330796s
nbiterameliore= 100000000
f1= 20
f2= 4.245562130177527
f3= 0.7366433175782745
Temps= 0.1006484s
