fonctionobjectif= 3
pourcentage= 0.05
decroissance= 2.0e-5
nbiterstagnant= 50
taille matrice: (60, 49)
nbiterameliore= 10
f1= 20
f2= 4.298209079550161
f3= 0.8479906456121862
Temps= 0.1218435s
nbiterameliore= 15
f1= 20
f2= 4.298209079550161
f3= 0.8479906456121862
Temps= 0.1322749s
nbiterameliore= 100000000
f1= 20
f2= 4.298209079550161
f3= 0.8479906456121862
Temps= 0.1081919s
