fonctionobjectif= 3
pourcentage= 0.05
decroissance= 2.0e-5
nbiterstagnant= 50
taille matrice: (60, 49)
nbiterameliore= 10
f1= 30
f2= 7.138692211578512
f3= 1.1683653008462904
Temps= 0.1196567s
nbiterameliore= 15
f1= 30
f2= 7.138692211578512
f3= 1.1683653008462904
Temps= 0.1346495s
nbiterameliore= 100000000
f1= 30
f2= 7.138692211578512
f3= 1.1683653008462904
Temps= 0.0973348s
