fonctionobjectif= 3
pourcentage= 0.05
decroissance= 2.0e-5
nbiterstagnant= 50
taille matrice: (60, 50)
nbiterameliore= 10
f1= 20
f2= 5.408000000000002
f3= 0.8119113252073775
Temps= 0.1225753s
nbiterameliore= 15
f1= 20
f2= 5.408000000000002
f3= 0.8119113252073775
Temps= 0.1218466s
nbiterameliore= 100000000
f1= 20
f2= 5.408000000000002
f3= 0.8119113252073775
Temps= 0.0938362s
