fonctionobjectif= 3
pourcentage= 0.05
decroissance= 2.0e-5
nbiterstagnant= 50
taille matrice: (60, 49)
nbiterameliore= 10
f1= 20
f2= 2.7988338192419935
f3= 0.577230025458406
Temps= 0.1297703s
nbiterameliore= 15
f1= 20
f2= 2.7988338192419935
f3= 0.577230025458406
Temps= 0.1389289s
nbiterameliore= 100000000
f1= 20
f2= 2.7988338192419935
f3= 0.577230025458406
Temps= 0.1095387s
