fonctionobjectif= 3
pourcentage= 0.05
decroissance= 2.0e-5
nbiterstagnant= 50
taille matrice: (60, 50)
nbiterameliore= 10
f1= 30
f2= 5.4320000000000075
f3= 0.9299462350050136
Temps= 0.1597682s
nbiterameliore= 15
f1= 20
f2= 5.3280000000000065
f3= 0.8858893836140039
Temps= 0.1393617s
nbiterameliore= 100000000
f1= 30
f2= 5.4320000000000075
f3= 0.9299462350050136
Temps= 0.1337512s
