fonctionobjectif= 3
pourcentage= 0.05
decroissance= 2.0e-5
nbiterstagnant= 50
taille matrice: (60, 50)
nbiterameliore= 10
f1= 20
f2= 4.92800000000002
f3= 0.9226050075736637
Temps= 0.1877063s
nbiterameliore= 15
f1= 20
f2= 3.520000000000027
f3= 0.7288346863315439
Temps= 0.1620221s
nbiterameliore= 100000000
f1= 20
f2= 3.520000000000027
f3= 0.7288346863315439
Temps= 0.1667452s
