fonctionobjectif= 3
pourcentage= 0.05
decroissance= 2.0e-5
nbiterstagnant= 50
taille matrice: (60, 50)
nbiterameliore= 10
f1= 30
f2= 5.8
f3= 0.9037698822156003
Temps= 0.1334086s
nbiterameliore= 15
f1= 30
f2= 5.8
f3= 0.9037698822156003
Temps= 0.1297574s
nbiterameliore= 100000000
f1= 30
f2= 5.8
f3= 0.9037698822156003
Temps= 0.1055128s
