fonctionobjectif= 3
pourcentage= 0.05
decroissance= 2.0e-5
nbiterstagnant= 50
taille matrice: (60, 50)
nbiterameliore= 10
f1= 20
f2= 3.7600000000000136
f3= 0.8202438661763951
Temps= 0.1153346s
nbiterameliore= 15
f1= 20
f2= 3.7600000000000136
f3= 0.8202438661763951
Temps= 0.1110016s
nbiterameliore= 100000000
f1= 20
f2= 3.7600000000000136
f3= 0.8202438661763951
Temps= 0.0920271s
