fonctionobjectif= 3
pourcentage= 0.05
decroissance= 2.0e-5
nbiterstagnant= 50
taille matrice: (60, 48)
nbiterameliore= 10
f1= 30
f2= 5.529513888888881
f3= 0.907605946014426
Temps= 0.1089913s
nbiterameliore= 15
f1= 30
f2= 5.529513888888881
f3= 0.907605946014426
Temps= 0.1024268s
nbiterameliore= 100000000
f1= 30
f2= 5.529513888888881
f3= 0.907605946014426
Temps= 0.0966418s
