fonctionobjectif= 3
pourcentage= 0.05
decroissance= 2.0e-5
nbiterstagnant= 50
taille matrice: (60, 50)
nbiterameliore= 10
f1= 20
f2= 4.36800000000002
f3= 0.7636753236814714
Temps= 0.1205073s
nbiterameliore= 15
f1= 20
f2= 4.36800000000002
f3= 0.7636753236814714
Temps= 0.124696s
nbiterameliore= 100000000
f1= 20
f2= 4.36800000000002
f3= 0.7636753236814714
Temps= 0.1052363s
