fonctionobjectif= 3
pourcentage= 0.05
decroissance= 2.0e-5
nbiterstagnant= 50
taille matrice: (60, 49)
nbiterameliore= 10
f1= 20
f2= 5.314452311536858
f3= 0.8121509199524265
Temps= 0.0998748s
nbiterameliore= 15
f1= 20
f2= 5.314452311536858
f3= 0.8121509199524265
Temps= 0.0979516s
nbiterameliore= 100000000
f1= 20
f2= 5.314452311536858
f3= 0.8121509199524265
Temps= 0.0972857s
