fonctionobjectif= 3
pourcentage= 0.05
decroissance= 2.0e-5
nbiterstagnant= 50
taille matrice: (60, 49)
nbiterameliore= 10
f1= 20
f2= 2.399000416493093
f3= 0.6762340236001868
Temps= 0.1444422s
nbiterameliore= 15
f1= 20
f2= 2.399000416493093
f3= 0.6762340236001868
Temps= 0.1669855s
nbiterameliore= 100000000
f1= 20
f2= 2.399000416493093
f3= 0.6762340236001868
Temps= 0.1326803s
