fonctionobjectif= 3
pourcentage= 0.05
decroissance= 2.0e-5
nbiterstagnant= 50
taille matrice: (60, 50)
nbiterameliore= 10
f1= 20
f2= 5.471999999999989
f3= 0.8962142600963232
Temps= 0.113559s
nbiterameliore= 15
f1= 20
f2= 5.471999999999989
f3= 0.8962142600963232
Temps= 0.1188343s
nbiterameliore= 100000000
f1= 20
f2= 5.471999999999989
f3= 0.8962142600963232
Temps= 0.0919223s
