fonctionobjectif= 3
pourcentage= 0.05
decroissance= 2.0e-5
nbiterstagnant= 50
taille matrice: (60, 50)
nbiterameliore= 10
f1= 20
f2= 4.70400000000001
f3= 0.8653323061113574
Temps= 0.1155056s
nbiterameliore= 15
f1= 20
f2= 4.70400000000001
f3= 0.8653323061113574
Temps= 0.1147188s
nbiterameliore= 100000000
f1= 20
f2= 4.70400000000001
f3= 0.8653323061113574
Temps= 0.0930689s
