fonctionobjectif= 3
pourcentage= 0.05
decroissance= 2.0e-5
nbiterstagnant= 50
taille matrice: (60, 50)
nbiterameliore= 10
f1= 20
f2= 1.8399999999999637
f3= 0.47665501151251943
Temps= 0.1608737s
nbiterameliore= 15
f1= 20
f2= 3.311999999999971
f3= 0.7397296803562772
Temps= 0.1405314s
nbiterameliore= 100000000
f1= 20
f2= 1.8399999999999637
f3= 0.47665501151251943
Temps= 0.1461157s
