fonctionobjectif= 3
pourcentage= 0.05
decroissance= 2.0e-5
nbiterstagnant= 50
taille matrice: (60, 49)
nbiterameliore= 10
f1= 40
f2= 6.722199083715122
f3= 1.14781455889385
Temps= 0.1296178s
nbiterameliore= 15
f1= 40
f2= 6.722199083715122
f3= 1.14781455889385
Temps= 0.1325512s
nbiterameliore= 100000000
f1= 40
f2= 6.722199083715122
f3= 1.14781455889385
Temps= 0.1064791s
