fonctionobjectif= 3
pourcentage= 0.05
decroissance= 2.0e-5
nbiterstagnant= 50
taille matrice: (60, 49)
nbiterameliore= 10
f1= 20
f2= 4.906289046230729
f3= 0.7467200276889618
Temps= 0.1157907s
nbiterameliore= 15
f1= 20
f2= 4.906289046230729
f3= 0.7467200276889618
Temps= 0.115645s
nbiterameliore= 100000000
f1= 20
f2= 4.906289046230729
f3= 0.7467200276889618
Temps= 0.0906916s
