fonctionobjectif= 3
pourcentage= 0.05
decroissance= 2.0e-5
nbiterstagnant= 50
taille matrice: (60, 50)
nbiterameliore= 10
f1= 20
f2= 5.4
f3= 0.9899494936611666
Temps= 0.108074s
nbiterameliore= 15
f1= 20
f2= 5.4
f3= 0.9899494936611666
Temps= 0.1385753s
nbiterameliore= 100000000
f1= 20
f2= 5.4
f3= 0.9899494936611666
Temps= 0.0890899s
