fonctionobjectif= 3
pourcentage= 0.05
decroissance= 2.0e-5
nbiterstagnant= 50
taille matrice: (60, 50)
nbiterameliore= 10
f1= 20
f2= 5.104000000000005
f3= 0.7531268153505093
Temps= 0.1474738s
nbiterameliore= 15
f1= 10
f2= 4.872000000000007
f3= 0.6979971346646059
Temps= 0.1703103s
nbiterameliore= 100000000
f1= 10
f2= 4.872000000000007
f3= 0.6979971346646059
Temps= 0.1487876s
