fonctionobjectif= 3
pourcentage= 0.05
decroissance= 2.0e-5
nbiterstagnant= 50
taille matrice: (60, 49)
nbiterameliore= 10
f1= 30
f2= 5.172844648063305
f3= 1.009942161847742
Temps= 0.1189715s
nbiterameliore= 15
f1= 30
f2= 5.172844648063305
f3= 1.009942161847742
Temps= 0.1375855s
nbiterameliore= 100000000
f1= 30
f2= 5.172844648063305
f3= 1.009942161847742
Temps= 0.1136364s
