fonctionobjectif= 3
pourcentage= 0.05
decroissance= 2.0e-5
nbiterstagnant= 50
taille matrice: (60, 50)
nbiterameliore= 10
f1= 20
f2= 3.0719999999999845
f3= 0.7461903242471053
Temps= 0.1393009s
nbiterameliore= 15
f1= 20
f2= 3.0719999999999845
f3= 0.7461903242471053
Temps= 0.1361857s
nbiterameliore= 100000000
f1= 20
f2= 3.0719999999999845
f3= 0.7461903242471053
Temps= 0.1172053s
