fonctionobjectif= 3
pourcentage= 0.05
decroissance= 2.0e-5
nbiterstagnant= 50
taille matrice: (75, 50)
nbiterameliore= 10
f1= 20
f2= 2.4
f3= 0.692820323027551
Temps= 0.1642356s
nbiterameliore= 15
f1= 20
f2= 2.4
f3= 0.692820323027551
Temps= 0.155271s
nbiterameliore= 100000000
f1= 20
f2= 2.4
f3= 0.692820323027551
Temps= 0.1512713s
