fonctionobjectif= 3
pourcentage= 0.05
decroissance= 2.0e-5
nbiterstagnant= 50
taille matrice: (75, 50)
nbiterameliore= 10
f1= 30
f2= 5.736000000000003
f3= 0.8984430978086481
Temps= 0.1794216s
nbiterameliore= 15
f1= 30
f2= 5.736000000000003
f3= 0.8984430978086481
Temps= 0.15317s
nbiterameliore= 100000000
f1= 30
f2= 5.736000000000003
f3= 0.8984430978086481
Temps= 0.1459831s
