fonctionobjectif= 3
pourcentage= 0.05
decroissance= 2.0e-5
nbiterstagnant= 50
taille matrice: (75, 50)
nbiterameliore= 10
f1= 10
f2= 4.03199999999998
f3= 0.6349803146555018
Temps= 0.1534677s
nbiterameliore= 15
f1= 10
f2= 4.03199999999998
f3= 0.6349803146555018
Temps= 0.1517675s
nbiterameliore= 100000000
f1= 10
f2= 4.03199999999998
f3= 0.6349803146555018
Temps= 0.1447284s
