fonctionobjectif= 3
pourcentage= 0.05
decroissance= 2.0e-5
nbiterstagnant= 50
taille matrice: (75, 49)
nbiterameliore= 10
f1= 20
f2= 4.9812578092461886
f3= 0.974825276810524
Temps= 0.1406375s
nbiterameliore= 15
f1= 20
f2= 4.9812578092461886
f3= 0.974825276810524
Temps= 0.137959s
nbiterameliore= 100000000
f1= 20
f2= 4.9812578092461886
f3= 0.974825276810524
Temps= 0.1293668s
