fonctionobjectif= 3
pourcentage= 0.05
decroissance= 2.0e-5
nbiterstagnant= 50
taille matrice: (75, 50)
nbiterameliore= 10
f1= 30
f2= 4.5280000000000475
f3= 0.8948742928478838
Temps= 0.1829828s
nbiterameliore= 15
f1= 30
f2= 4.5280000000000475
f3= 0.8948742928478838
Temps= 0.1672265s
nbiterameliore= 100000000
f1= 30
f2= 4.5280000000000475
f3= 0.8948742928478838
Temps= 0.1569364s
