fonctionobjectif= 3
pourcentage= 0.05
decroissance= 2.0e-5
nbiterstagnant= 50
taille matrice: (75, 49)
nbiterameliore= 10
f1= 20
f2= 5.097875885047893
f3= 0.8266732873911267
Temps= 0.1832558s
nbiterameliore= 15
f1= 20
f2= 5.097875885047893
f3= 0.8266732873911267
Temps= 0.1476993s
nbiterameliore= 100000000
f1= 20
f2= 5.097875885047893
f3= 0.8266732873911267
Temps= 0.1409006s
