fonctionobjectif= 3
pourcentage= 0.05
decroissance= 2.0e-5
nbiterstagnant= 50
taille matrice: (75, 50)
nbiterameliore= 10
f1= 20
f2= 5.104000000000014
f3= 0.75683551713698
Temps= 0.1505524s
nbiterameliore= 15
f1= 20
f2= 5.104000000000014
f3= 0.75683551713698
Temps= 0.1536925s
nbiterameliore= 100000000
f1= 20
f2= 5.104000000000014
f3= 0.75683551713698
Temps= 0.1410597s
