fonctionobjectif= 3
pourcentage= 0.05
decroissance= 2.0e-5
nbiterstagnant= 50
taille matrice: (75, 50)
nbiterameliore= 10
f1= 30
f2= 5.328000000000011
f3= 0.8079603950689662
Temps= 0.1509949s
nbiterameliore= 15
f1= 30
f2= 5.328000000000011
f3= 0.8079603950689662
Temps= 0.1408622s
nbiterameliore= 100000000
f1= 30
f2= 5.328000000000011
f3= 0.8079603950689662
Temps= 0.130974s
