fonctionobjectif= 3
pourcentage= 0.05
decroissance= 2.0e-5
nbiterstagnant= 50
taille matrice: (75, 50)
nbiterameliore= 10
f1= 20
f2= 5.039999999999964
f3= 0.9103845341392836
Temps= 0.1579895s
nbiterameliore= 15
f1= 20
f2= 5.039999999999964
f3= 0.9103845341392836
Temps= 0.1588217s
nbiterameliore= 100000000
f1= 20
f2= 5.039999999999964
f3= 0.9103845341392836
Temps= 0.1443391s
