fonctionobjectif= 3
pourcentage= 0.05
decroissance= 2.0e-5
nbiterstagnant= 50
taille matrice: (75, 49)
nbiterameliore= 10
f1= 20
f2= 3.2653061224489797
f3= 0.8163265306122449
Temps= 0.1658811s
nbiterameliore= 15
f1= 20
f2= 3.2653061224489797
f3= 0.8163265306122449
Temps= 0.1476215s
nbiterameliore= 100000000
f1= 20
f2= 3.2653061224489797
f3= 0.8163265306122449
Temps= 0.1361548s
