fonctionobjectif= 3
pourcentage= 0.05
decroissance= 2.0e-5
nbiterstagnant= 50
taille matrice: (75, 50)
nbiterameliore= 10
f1= 10
f2= 4.872000000000007
f3= 0.6979971346646059
Temps= 0.1160025s
nbiterameliore= 15
f1= 10
f2= 4.872000000000007
f3= 0.6979971346646059
Temps= 0.1281125s
nbiterameliore= 100000000
f1= 10
f2= 4.872000000000007
f3= 0.6979971346646059
Temps= 0.0966022s
