fonctionobjectif= 3
pourcentage= 0.05
decroissance= 2.0e-5
nbiterstagnant= 50
taille matrice: (75, 50)
nbiterameliore= 10
f1= 20
f2= 3.6799999999999726
f3= 0.7919595949289332
Temps= 0.1505931s
nbiterameliore= 15
f1= 20
f2= 3.6799999999999726
f3= 0.7919595949289332
Temps= 0.1444699s
nbiterameliore= 100000000
f1= 20
f2= 3.6799999999999726
f3= 0.7919595949289332
Temps= 0.1420533s
