fonctionobjectif= 3
pourcentage= 0.05
decroissance= 2.0e-5
nbiterstagnant= 50
taille matrice: (75, 50)
nbiterameliore= 10
f1= 20
f2= 3.2799999999999727
f3= 0.6125357132445423
Temps= 0.1623696s
nbiterameliore= 15
f1= 20
f2= 3.2799999999999727
f3= 0.6125357132445423
Temps= 0.1538415s
nbiterameliore= 100000000
f1= 20
f2= 3.2799999999999727
f3= 0.6125357132445423
Temps= 0.1408602s
