fonctionobjectif= 3
pourcentage= 0.05
decroissance= 2.0e-5
nbiterstagnant= 50
taille matrice: (75, 50)
nbiterameliore= 10
f1= 20
f2= 4.415999999999976
f3= 0.8872429205127534
Temps= 0.157801s
nbiterameliore= 15
f1= 20
f2= 4.415999999999976
f3= 0.8872429205127534
Temps= 0.1518562s
nbiterameliore= 100000000
f1= 20
f2= 4.415999999999976
f3= 0.8872429205127534
Temps= 0.1411845s
