fonctionobjectif= 3
pourcentage= 0.05
decroissance= 2.0e-5
nbiterstagnant= 50
taille matrice: (75, 50)
nbiterameliore= 10
f1= 20
f2= 5.016000000000022
f3= 0.7802563681252463
Temps= 0.1740555s
nbiterameliore= 15
f1= 20
f2= 5.016000000000022
f3= 0.7802563681252463
Temps= 0.1645955s
nbiterameliore= 100000000
f1= 20
f2= 5.016000000000022
f3= 0.7802563681252463
Temps= 0.1536992s
