fonctionobjectif= 3
pourcentage= 0.05
decroissance= 2.0e-5
nbiterstagnant= 50
taille matrice: (75, 50)
nbiterameliore= 10
f1= 30
f2= 6.2
f3= 0.9899494936611666
Temps= 0.160171s
nbiterameliore= 15
f1= 30
f2= 6.2
f3= 0.9899494936611666
Temps= 0.1472761s
nbiterameliore= 100000000
f1= 30
f2= 6.2
f3= 0.9899494936611666
Temps= 0.1303513s
