fonctionobjectif= 3
pourcentage= 0.05
decroissance= 2.0e-5
nbiterstagnant= 50
taille matrice: (75, 50)
nbiterameliore= 10
f1= 30
f2= 5.52
f3= 0.9797958971132712
Temps= 0.154017s
nbiterameliore= 15
f1= 30
f2= 5.52
f3= 0.9797958971132712
Temps= 0.1463556s
nbiterameliore= 100000000
f1= 30
f2= 5.52
f3= 0.9797958971132712
Temps= 0.1375255s
