fonctionobjectif= 3
pourcentage= 0.05
decroissance= 2.0e-5
nbiterstagnant= 50
taille matrice: (75, 50)
nbiterameliore= 10
f1= 20
f2= 5.183999999999997
f3= 0.759473501841901
Temps= 0.1183762s
nbiterameliore= 15
f1= 20
f2= 5.183999999999997
f3= 0.759473501841901
Temps= 0.1210271s
nbiterameliore= 100000000
f1= 20
f2= 5.183999999999997
f3= 0.759473501841901
Temps= 0.1010355s
