fonctionobjectif= 3
pourcentage= 0.05
decroissance= 2.0e-5
nbiterstagnant= 50
taille matrice: (75, 50)
nbiterameliore= 10
f1= 20
f2= 3.456000000000058
f3= 0.7979974937304
Temps= 0.1523159s
nbiterameliore= 15
f1= 20
f2= 3.072000000000062
f3= 0.7461903242471051
Temps= 0.1615104s
nbiterameliore= 100000000
f1= 20
f2= 3.456000000000058
f3= 0.7979974937304
Temps= 0.1411074s
