fonctionobjectif= 3
pourcentage= 0.05
decroissance= 2.0e-5
nbiterstagnant= 50
taille matrice: (75, 50)
nbiterameliore= 10
f1= 40
f2= 6.576000000000022
f3= 1.1509995655950527
Temps= 0.1569469s
nbiterameliore= 15
f1= 40
f2= 6.576000000000022
f3= 1.1509995655950527
Temps= 0.1618958s
nbiterameliore= 100000000
f1= 40
f2= 6.576000000000022
f3= 1.1509995655950527
Temps= 0.146147s
