fonctionobjectif= 3
pourcentage= 0.05
decroissance= 2.0e-5
nbiterstagnant= 50
taille matrice: (80, 55)
nbiterameliore= 10
f1= 30
f2= 5.229752066115712
f3= 0.7580274135738935
Temps= 0.1789377s
nbiterameliore= 15
f1= 30
f2= 5.229752066115712
f3= 0.7580274135738935
Temps= 0.1648145s
nbiterameliore= 100000000
f1= 30
f2= 5.229752066115712
f3= 0.7580274135738935
Temps= 0.1565315s
