fonctionobjectif= 3
pourcentage= 0.05
decroissance= 2.0e-5
nbiterstagnant= 50
taille matrice: (80, 55)
nbiterameliore= 10
f1= 20
f2= 3.418181818181843
f3= 0.6514158422614629
Temps= 0.1853198s
nbiterameliore= 15
f1= 20
f2= 3.418181818181843
f3= 0.6514158422614629
Temps= 0.1756234s
nbiterameliore= 100000000
f1= 20
f2= 3.418181818181843
f3= 0.6514158422614629
Temps= 0.1676635s
