fonctionobjectif= 3
pourcentage= 0.05
decroissance= 2.0e-5
nbiterstagnant= 50
taille matrice: (80, 55)
nbiterameliore= 10
f1= 30
f2= 6.909090909090909
f3= 1.1325390183561772
Temps= 0.1719401s
nbiterameliore= 15
f1= 30
f2= 6.909090909090909
f3= 1.1325390183561772
Temps= 0.1587083s
nbiterameliore= 100000000
f1= 30
f2= 6.909090909090909
f3= 1.1325390183561772
Temps= 0.1578856s
