fonctionobjectif= 3
pourcentage= 0.05
decroissance= 2.0e-5
nbiterstagnant= 50
taille matrice: (80, 55)
nbiterameliore= 10
f1= 10
f2= 3.4115702479339194
f3= 0.5569046146443494
Temps= 0.1866993s
nbiterameliore= 15
f1= 10
f2= 3.4115702479339194
f3= 0.5569046146443494
Temps= 0.171106s
nbiterameliore= 100000000
f1= 10
f2= 3.4115702479339194
f3= 0.5569046146443494
Temps= 0.1885147s
