fonctionobjectif= 3
pourcentage= 0.05
decroissance= 2.0e-5
nbiterstagnant= 50
taille matrice: (80, 55)
nbiterameliore= 10
f1= 40
f2= 5.923966942148759
f3= 0.9218933250544039
Temps= 0.1839069s
nbiterameliore= 15
f1= 40
f2= 5.923966942148759
f3= 0.9218933250544039
Temps= 0.1767934s
nbiterameliore= 100000000
f1= 40
f2= 5.923966942148759
f3= 0.9218933250544039
Temps= 0.1768498s
