fonctionobjectif= 3
pourcentage= 0.05
decroissance= 2.0e-5
nbiterstagnant= 50
taille matrice: (80, 55)
nbiterameliore= 10
f1= 30
f2= 6.776859504132248
f3= 1.0714518261581387
Temps= 0.1928632s
nbiterameliore= 15
f1= 30
f2= 6.776859504132248
f3= 1.0714518261581387
Temps= 0.1827729s
nbiterameliore= 100000000
f1= 30
f2= 6.776859504132248
f3= 1.0714518261581387
Temps= 0.1898079s
