fonctionobjectif= 3
pourcentage= 0.05
decroissance= 2.0e-5
nbiterstagnant= 50
taille matrice: (80, 55)
nbiterameliore= 10
f1= 10
f2= 3.96694214876034
f3= 0.6005256900689241
Temps= 0.2970029s
nbiterameliore= 15
f1= 20
f2= 4.231404958677695
f3= 0.653258606458496
Temps= 0.2811179s
nbiterameliore= 100000000
f1= 20
f2= 4.231404958677695
f3= 0.6532586064584962
Temps= 0.2843925s
