fonctionobjectif= 3
pourcentage= 0.05
decroissance= 2.0e-5
nbiterstagnant= 50
taille matrice: (80, 55)
nbiterameliore= 10
f1= 30
f2= 3.7818181818182066
f3= 0.7460388760030464
Temps= 0.1936455s
nbiterameliore= 15
f1= 30
f2= 3.7818181818182066
f3= 0.7460388760030464
Temps= 0.1761735s
nbiterameliore= 100000000
f1= 30
f2= 3.7818181818182066
f3= 0.7460388760030464
Temps= 0.1716231s
