fonctionobjectif= 3
pourcentage= 0.05
decroissance= 2.0e-5
nbiterstagnant= 50
taille matrice: (80, 55)
nbiterameliore= 10
f1= 20
f2= 4.8991735537190335
f3= 0.7572340827300921
Temps= 0.1825349s
nbiterameliore= 15
f1= 20
f2= 4.8991735537190335
f3= 0.7572340827300921
Temps= 0.1742964s
nbiterameliore= 100000000
f1= 20
f2= 4.8991735537190335
f3= 0.7572340827300921
Temps= 0.1596096s
