fonctionobjectif= 3
pourcentage= 0.05
decroissance= 2.0e-5
nbiterstagnant= 50
taille matrice: (80, 55)
nbiterameliore= 10
f1= 30
f2= 6.380165289256191
f3= 0.989805284071396
Temps= 0.1806809s
nbiterameliore= 15
f1= 30
f2= 6.380165289256191
f3= 0.989805284071396
Temps= 0.1701611s
nbiterameliore= 100000000
f1= 30
f2= 6.380165289256191
f3= 0.989805284071396
Temps= 0.1620519s
