fonctionobjectif= 3
pourcentage= 0.05
decroissance= 2.0e-5
nbiterstagnant= 50
taille matrice: (80, 55)
nbiterameliore= 10
f1= 20
f2= 5.117355371900848
f3= 0.8407359660964935
Temps= 0.1970256s
nbiterameliore= 15
f1= 20
f2= 5.117355371900848
f3= 0.8407359660964935
Temps= 0.1937045s
nbiterameliore= 100000000
f1= 20
f2= 5.117355371900848
f3= 0.8407359660964935
Temps= 0.1906485s
