fonctionobjectif= 3
pourcentage= 0.05
decroissance= 2.0e-5
nbiterstagnant= 50
taille matrice: (80, 55)
nbiterameliore= 10
f1= 30
f2= 5.223140495867793
f3= 0.7868185279611177
Temps= 0.1834551s
nbiterameliore= 15
f1= 30
f2= 5.223140495867793
f3= 0.7868185279611177
Temps= 0.1734158s
nbiterameliore= 100000000
f1= 30
f2= 5.223140495867793
f3= 0.7868185279611177
Temps= 0.1661313s
