fonctionobjectif= 3
pourcentage= 0.05
decroissance= 2.0e-5
nbiterstagnant= 50
taille matrice: (80, 55)
nbiterameliore= 10
f1= 10
f2= 3.2
f3= 0.5393598899705937
Temps= 0.2322652s
nbiterameliore= 15
f1= 20
f2= 3.4909090909090907
f3= 0.597515517278363
Temps= 0.1931875s
nbiterameliore= 100000000
f1= 10
f2= 3.2
f3= 0.5393598899705937
Temps= 0.2050284s
