fonctionobjectif= 3
pourcentage= 0.05
decroissance= 2.0e-5
nbiterstagnant= 50
taille matrice: (80, 55)
nbiterameliore= 10
f1= 20
f2= 5.421487603305774
f3= 0.861218887072292
Temps= 0.155434s
nbiterameliore= 15
f1= 20
f2= 5.421487603305774
f3= 0.861218887072292
Temps= 0.1505573s
nbiterameliore= 100000000
f1= 20
f2= 5.421487603305774
f3= 0.861218887072292
Temps= 0.1388151s
