fonctionobjectif= 3
pourcentage= 0.05
decroissance= 2.0e-5
nbiterstagnant= 50
taille matrice: (80, 55)
nbiterameliore= 10
f1= 30
f2= 5.646280991735553
f3= 0.9763545561853652
Temps= 0.184172s
nbiterameliore= 15
f1= 30
f2= 5.646280991735553
f3= 0.9763545561853652
Temps= 0.1602855s
nbiterameliore= 100000000
f1= 30
f2= 5.646280991735553
f3= 0.9763545561853652
Temps= 0.1624906s
