fonctionobjectif= 3
pourcentage= 0.05
decroissance= 2.0e-5
nbiterstagnant= 50
taille matrice: (80, 55)
nbiterameliore= 10
f1= 20
f2= 3.695867768595074
f3= 0.6133990970742541
Temps= 0.3735712s
nbiterameliore= 15
f1= 10
f2= 3.4115702479339194
f3= 0.5569046146443494
Temps= 0.2366004s
nbiterameliore= 100000000
f1= 10
f2= 3.4115702479339194
f3= 0.5569046146443494
Temps= 0.2621308s
