fonctionobjectif= 3
pourcentage= 0.05
decroissance= 2.0e-5
nbiterstagnant= 50
taille matrice: (80, 55)
nbiterameliore= 10
f1= 30
f2= 5.024793388429771
f3= 0.9061108179606089
Temps= 0.1687062s
nbiterameliore= 15
f1= 30
f2= 5.024793388429771
f3= 0.9061108179606089
Temps= 0.1625295s
nbiterameliore= 100000000
f1= 30
f2= 5.024793388429771
f3= 0.9061108179606089
Temps= 0.1632959s
