fonctionobjectif= 3
pourcentage= 0.05
decroissance= 2.0e-5
nbiterstagnant= 50
taille matrice: (201, 124)
nbiterameliore= 10
f1= 10
f2= 4.667013527575452
f3= 0.4338041370684695
Temps= 0.6168148s
nbiterameliore= 15
f1= 10
f2= 4.667013527575452
f3= 0.4338041370684695
Temps= 0.6048366s
nbiterameliore= 100000000
f1= 10
f2= 4.667013527575452
f3= 0.4338041370684695
Temps= 0.5703568s
