fonctionobjectif= 3
pourcentage= 0.05
decroissance= 2.0e-5
nbiterstagnant= 50
taille matrice: (202, 151)
nbiterameliore= 10
f1= 10
f2= 2.1999035130038314
f3= 0.26989717891366855
Temps= 0.9691162s
nbiterameliore= 15
f1= 10
f2= 2.1999035130038314
f3= 0.26989717891366855
Temps= 0.9030541s
nbiterameliore= 100000000
f1= 10
f2= 2.1999035130038314
f3= 0.26989717891366855
Temps= 1.0332519s
