fonctionobjectif= 3
pourcentage= 0.05
decroissance= 2.0e-5
nbiterstagnant= 50
taille matrice: (222, 146)
nbiterameliore= 10
f1= 10
f2= 4.039219365734687
f3= 0.3719266464417127
Temps= 1.0281664s
nbiterameliore= 15
f1= 10
f2= 4.039219365734687
f3= 0.3719266464417127
Temps= 1.149717s
nbiterameliore= 100000000
f1= 10
f2= 4.039219365734687
f3= 0.3719266464417127
Temps= 1.2712901s
