fonctionobjectif= 3
pourcentage= 0.05
decroissance= 2.0e-5
nbiterstagnant= 50
taille matrice: (208, 202)
nbiterameliore= 10
f1= 10
f2= 4.433388883442828
f3= 0.33126628050568224
Temps= 1.4301881s
nbiterameliore= 15
f1= 10
f2= 4.433388883442828
f3= 0.33126628050568224
Temps= 1.731047s
nbiterameliore= 100000000
f1= 30
f2= 4.5652387020880605
f3= 0.35276307820004804
Temps= 1.5891743s
