fonctionobjectif= 3
pourcentage= 0.05
decroissance= 2.0e-5
nbiterstagnant= 50
taille matrice: (209, 196)
nbiterameliore= 10
f1= 10
f2= 4.9953144523115345
f3= 0.35697547693139414
Temps= 1.1968487s
nbiterameliore= 15
f1= 10
f2= 4.9953144523115345
f3= 0.35697547693139414
Temps= 1.2354938s
nbiterameliore= 100000000
f1= 10
f2= 4.9953144523115345
f3= 0.35697547693139414
Temps= 1.3046238s
