fonctionobjectif= 3
pourcentage= 0.05
decroissance= 2.0e-5
nbiterstagnant= 50
taille matrice: (206, 184)
nbiterameliore= 10
f1= 20
f2= 0.531663516068095
f3= 0.13215625192920188
Temps= 1.5768799s
nbiterameliore= 15
f1= 10
f2= 0.4253308128544849
f3= 0.10750768587974782
Temps= 1.8724612s
nbiterameliore= 100000000
f1= 10
f2= 0.4253308128544849
f3= 0.10750768587974784
Temps= 1.3696118s
