fonctionobjectif= 3
pourcentage= 0.05
decroissance= 2.0e-5
nbiterstagnant= 50
taille matrice: (204, 127)
nbiterameliore= 10
f1= 10
f2= 4.984809969619937
f3= 0.44300379344725593
Temps= 0.7664813s
nbiterameliore= 15
f1= 10
f2= 4.984809969619937
f3= 0.44300379344725593
Temps= 0.6877998s
nbiterameliore= 100000000
f1= 10
f2= 4.984809969619937
f3= 0.44300379344725593
Temps= 0.6524666s
