fonctionobjectif= 3
pourcentage= 0.05
decroissance= 2.0e-5
nbiterstagnant= 50
taille matrice: (111, 217)
nbiterameliore= 10
f1= 20
f2= 2.9968782518210393
f3= 0.32247444576905865
Temps= 0.9852448s
nbiterameliore= 15
f1= 10
f2= 1.7481789802289518
f3= 0.20070032801234033
Temps= 1.7160293s
nbiterameliore= 100000000
f1= 20
f2= 2.1644120707596475
f3= 0.24802621602200553
Temps= 1.7004702s
