fonctionobjectif= 3
pourcentage= 0.05
decroissance= 2.0e-5
nbiterstagnant= 50
taille matrice: (112, 76)
nbiterameliore= 10
f1= 10
f2= 4.778393351800548
f3= 0.5606852804123619
Temps= 0.251227s
nbiterameliore= 15
f1= 10
f2= 4.778393351800548
f3= 0.5606852804123619
Temps= 0.2286086s
nbiterameliore= 100000000
f1= 10
f2= 4.778393351800548
f3= 0.5606852804123619
Temps= 0.2219641s
