fonctionobjectif= 3
pourcentage= 0.05
decroissance= 2.0e-5
nbiterstagnant= 50
taille matrice: (226, 202)
nbiterameliore= 10
f1= 10
f2= 2.5982746789530453
f3= 0.2536015174975409
Temps= 2.6167485s
nbiterameliore= 15
f1= 10
f2= 2.5982746789530453
f3= 0.2536015174975409
Temps= 3.0882866s
nbiterameliore= 100000000
f1= 10
f2= 2.5982746789530453
f3= 0.25360151749754095
Temps= 1.6528419s
