fonctionobjectif= 3
pourcentage= 0.5
decroissance= 0.02
nbiterstagnant= 150
nbiterameliore= 5
f1= 20
f2= 5.1
f3= 0.6841458583924598
temps= 0.7289237s
nbiterameliore= 10
f1= 30
f2= 6.1
f3= 0.895203266799719
temps= 0.5682996s
nbiterameliore= 15
f1= 30
f2= 5.916666666666667
f3= 0.8636164272021076
temps= 0.5806252s
nbiterameliore= 20
f1= 30
f2= 6.1
f3= 0.895203266799719
temps= 0.5563923s
nbiterameliore= 25
f1= 60
f2= 7.983333333333333
f3= 1.321299865031906
temps= 0.5347334s
