fonctionobjectif= 3
pourcentage= 0.5
decroissance= 0.02
nbiterstagnant= 150
nbiterameliore= 5
f1= 640
f2= 101.16666666666667
f3= 19.48603488541359
temps= 2.1548597s
nbiterameliore= 10
f1= 620
f2= 94.96666666666667
f3= 19.05795255413224
temps= 2.0426568s
nbiterameliore= 15
f1= 550
f2= 94.13333333333334
f3= 17.366474727026336
temps= 1.7588849s
nbiterameliore= 20
f1= 640
f2= 98.8
f3= 19.2306179481229
temps= 1.8903863s
nbiterameliore= 25
f1= 630
f2= 108.2
f3= 20.90813238909683
temps= 1.7870389s
