fonctionobjectif= 3
pourcentage= 0.5
decroissance= 0.02
nbiterstagnant= 150
nbiterameliore= 5
f1= 20
f2= 4.8
f3= 0.8399735445569435
temps= 0.7352482s
nbiterameliore= 10
f1= 20
f2= 3.3
f3= 0.6540472290116194
temps= 0.5959259s
nbiterameliore= 15
f1= 20
f2= 3.6
f3= 0.695221787153807
temps= 0.5790286s
nbiterameliore= 20
f1= 30
f2= 5.1
f3= 0.9632122184533259
temps= 0.5616465s
nbiterameliore= 25
f1= 40
f2= 5.733333333333333
f3= 1.0192589900947104
temps= 0.6817358s
