fonctionobjectif= 3
pourcentage= 0.5
decroissance= 0.02
nbiterstagnant= 150
nbiterameliore= 5
f1= 30
f2= 4.5
f3= 0.7312470322826768
temps= 1.2643944s
nbiterameliore= 10
f1= 20
f2= 4.75
f3= 0.7312470322826768
temps= 0.5408414s
nbiterameliore= 15
f1= 20
f2= 5.25
f3= 0.8036375634160796
temps= 0.5593939s
nbiterameliore= 20
f1= 40
f2= 6.166666666666667
f3= 1.0172129679778086
temps= 0.53102s
nbiterameliore= 25
f1= 40
f2= 6.166666666666667
f3= 0.9895285072531598
temps= 0.5391769s
