fonctionobjectif= 3
pourcentage= 0.5
decroissance= 0.02
nbiterstagnant= 150
nbiterameliore= 5
f1= 20
f2= 3.9
f3= 0.7340905181848413
temps= 1.1336931s
nbiterameliore= 10
f1= 20
f2= 3.6
f3= 0.695221787153807
temps= 0.9740024s
nbiterameliore= 15
f1= 30
f2= 5.133333333333334
f3= 0.9036961141150639
temps= 0.7768318s
nbiterameliore= 20
f1= 40
f2= 5.433333333333334
f3= 0.9632122184533259
temps= 0.8543653s
nbiterameliore= 25
f1= 50
f2= 7.533333333333333
f3= 1.2627131283250541
temps= 0.8585911s
