fonctionobjectif= 3
pourcentage= 0.5
decroissance= 0.02
nbiterstagnant= 150
nbiterameliore= 5
f1= 30
f2= 6.133333333333334
f3= 0.9189365834726815
temps= 0.6812441s
nbiterameliore= 10
f1= 30
f2= 6.466666666666667
f3= 0.9775252199076786
temps= 0.5561074s
nbiterameliore= 15
f1= 40
f2= 8.0
f3= 1.2292725943057183
temps= 0.4835951s
nbiterameliore= 20
f1= 20
f2= 5.4
f3= 0.752772652709081
temps= 0.4626291s
nbiterameliore= 25
f1= 60
f2= 7.6
f3= 1.2516655570345725
temps= 0.4563259s
