fonctionobjectif= 3
pourcentage= 0.5
decroissance= 0.02
nbiterstagnant= 150
nbiterameliore= 5
f1= 30
f2= 4.833333333333333
f3= 0.8724168218868267
temps= 0.8381991s
nbiterameliore= 10
f1= 20
f2= 4.5
f3= 0.8062257748298549
temps= 0.6311576s
nbiterameliore= 15
f1= 20
f2= 3.3
f3= 0.6540472290116194
temps= 0.6095243s
nbiterameliore= 20
f1= 40
f2= 4.566666666666666
f3= 0.9036961141150639
temps= 0.6697977s
nbiterameliore= 25
f1= 30
f2= 4.533333333333333
f3= 0.8399735445569435
temps= 0.5668176s
