fonctionobjectif= 3
pourcentage= 0.5
decroissance= 0.02
nbiterstagnant= 150
nbiterameliore= 5
f1= 140
f2= 43.0
f3= 10.341663309158736
temps= 0.0250758s
nbiterameliore= 10
f1= 140
f2= 43.0
f3= 10.437911668528336
temps= 0.0247059s
nbiterameliore= 15
f1= 140
f2= 43.0
f3= 10.341663309158736
temps= 0.0255675s
nbiterameliore= 20
f1= 130
f2= 43.0
f3= 10.413932974625869
temps= 0.033274s
nbiterameliore= 25
f1= 130
f2= 43.0
f3= 10.31746092796091
temps= 0.0367873s
