fonctionobjectif= 3
pourcentage= 0.5
decroissance= 0.02
nbiterstagnant= 150
nbiterameliore= 5
f1= 30
f2= 7.95
f3= 2.05851888502389
temps= 0.0548365s
nbiterameliore= 10
f1= 40
f2= 8.4
f3= 2.2885584982691616
temps= 0.0540093s
nbiterameliore= 15
f1= 50
f2= 10.6
f3= 2.870104527713233
temps= 0.0520058s
nbiterameliore= 20
f1= 50
f2= 11.05
f3= 2.9559262507714905
temps= 0.0307142s
nbiterameliore= 25
f1= 60
f2= 8.95
f3= 2.690260210462921
temps= 0.033763s
