fonctionobjectif= 3
pourcentage= 0.5
decroissance= 0.02
nbiterstagnant= 150
nbiterameliore= 5
f1= 30
f2= 6.7
f3= 1.9332614929181204
temps= 0.0287228s
nbiterameliore= 10
f1= 40
f2= 7.65
f3= 2.2885584982691616
temps= 0.0265943s
nbiterameliore= 15
f1= 20
f2= 6.65
f3= 1.799305421544658
temps= 0.0314572s
nbiterameliore= 20
f1= 40
f2= 10.55
f3= 2.690260210462921
temps= 0.0253896s
nbiterameliore= 25
f1= 40
f2= 10.55
f3= 2.595669470483482
temps= 0.0369829s
