fonctionobjectif= 3
pourcentage= 0.5
decroissance= 0.02
nbiterstagnant= 150
nbiterameliore= 5
f1= 40
f2= 10.0
f3= 2.6076809620810595
temps= 0.0295644s
nbiterameliore= 10
f1= 40
f2= 9.4
f3= 2.6076809620810595
temps= 0.0292065s
nbiterameliore= 15
f1= 20
f2= 6.4
f3= 1.6733200530681511
temps= 0.036123s
nbiterameliore= 20
f1= 60
f2= 7.8
f3= 2.6076809620810595
temps= 0.0332495s
nbiterameliore= 25
f1= 30
f2= 6.8
f3= 1.9493588689617927
temps= 0.0377837s
