fonctionobjectif= 3
pourcentage= 0.5
decroissance= 0.02
nbiterstagnant= 150
nbiterameliore= 5
f1= 40
f2= 6.875
f3= 2.2534695471649933
temps= 0.0426915s
nbiterameliore= 10
f1= 40
f2= 10.3125
f3= 2.9973947020704497
temps= 0.041538s
nbiterameliore= 15
f1= 50
f2= 10.3125
f3= 3.247595264191645
temps= 0.0243656s
nbiterameliore= 20
f1= 40
f2= 7.8125
f3= 2.4206145913796355
temps= 0.0305954s
nbiterameliore= 25
f1= 40
f2= 8.4375
f3= 2.724311839712921
temps= 0.0292788s
