fonctionobjectif= 3
pourcentage= 0.5
decroissance= 0.02
nbiterstagnant= 150
nbiterameliore= 5
f1= 40
f2= 7.3
f3= 2.0124611797498106
temps= 0.0364994s
nbiterameliore= 10
f1= 30
f2= 7.3
f3= 1.8841443681416774
temps= 0.0403313s
nbiterameliore= 15
f1= 40
f2= 10.3
f3= 2.6551836094703507
temps= 0.0331906s
nbiterameliore= 20
f1= 60
f2= 10.3
f3= 3.1701734968294715
temps= 0.0254477s
nbiterameliore= 25
f1= 30
f2= 6.6
f3= 1.7464249196572978
temps= 0.0272175s
