fonctionobjectif= 3
pourcentage= 0.5
decroissance= 0.02
nbiterstagnant= 150
nbiterameliore= 5
f1= 70
f2= 12.1
f3= 4.236744032862972
temps= 0.042306s
nbiterameliore= 10
f1= 60
f2= 14.9
f3= 4.11703777004778
temps= 0.0419051s
nbiterameliore= 15
f1= 30
f2= 6.4
f3= 1.857417562100671
temps= 0.0425774s
nbiterameliore= 20
f1= 60
f2= 14.8
f3= 3.866522985836241
temps= 0.0351317s
nbiterameliore= 25
f1= 60
f2= 11.0
f3= 3.3090784215548594
temps= 0.055396s
