fonctionobjectif= 3
pourcentage= 0.5
decroissance= 0.02
nbiterstagnant= 150
nbiterameliore= 5
f1= 140
f2= 33.0
f3= 9.444575162494075
temps= 0.0702893s
nbiterameliore= 10
f1= 40
f2= 9.4
f3= 2.4899799195977463
temps= 0.0387238s
nbiterameliore= 15
f1= 190
f2= 40.0
f3= 11.819475453673906
temps= 0.0409918s
nbiterameliore= 20
f1= 190
f2= 40.0
f3= 11.819475453673906
temps= 0.0241622s
nbiterameliore= 25
f1= 50
f2= 9.8
f3= 2.6832815729997477
temps= 0.0511229s
