fonctionobjectif= 3
pourcentage= 0.5
decroissance= 0.02
nbiterstagnant= 150
nbiterameliore= 5
f1= 160
f2= 44.0
f3= 11.113055385446433
temps= 0.0255682s
nbiterameliore= 10
f1= 160
f2= 45.0
f3= 11.445523142259598
temps= 0.0275826s
nbiterameliore= 15
f1= 150
f2= 42.0
f3= 10.677078252031311
temps= 0.0311976s
nbiterameliore= 20
f1= 130
f2= 38.0
f3= 10.14889156509222
temps= 0.0677434s
nbiterameliore= 25
f1= 140
f2= 37.0
f3= 9.77241014284603
temps= 0.0556605s
