fonctionobjectif= 3
pourcentage= 0.5
decroissance= 0.02
nbiterstagnant= 150
nbiterameliore= 5
f1= 70
f2= 9.4
f3= 3.2480763537823427
temps= 0.0289449s
nbiterameliore= 10
f1= 40
f2= 10.0
f3= 2.6551836094703507
temps= 0.0304407s
nbiterameliore= 15
f1= 40
f2= 8.0
f3= 2.1330729007701543
temps= 0.0273465s
nbiterameliore= 20
f1= 80
f2= 9.0
f3= 3.2480763537823427
temps= 0.0255614s
nbiterameliore= 25
f1= 70
f2= 12.0
f3= 3.681032463861192
temps= 0.0268107s
