fonctionobjectif= 3
pourcentage= 0.5
decroissance= 0.02
nbiterstagnant= 150
nbiterameliore= 5
f1= 70
f2= 15.0
f3= 4.465142774872938
temps= 0.0456443s
nbiterameliore= 10
f1= 80
f2= 19.25
f3= 5.2855936279664935
temps= 0.045544s
nbiterameliore= 15
f1= 70
f2= 13.0
f3= 3.929058411375428
temps= 0.0356655s
nbiterameliore= 20
f1= 40
f2= 12.0
f3= 2.9895651857753496
temps= 0.0385079s
nbiterameliore= 25
f1= 90
f2= 19.0
f3= 5.425633603552677
temps= 0.0325648s
