fonctionobjectif= 3
pourcentage= 0.5
decroissance= 0.02
nbiterstagnant= 150
nbiterameliore= 5
f1= 30
f2= 7.85
f3= 2.034084560680799
temps= 0.0440154s
nbiterameliore= 10
f1= 40
f2= 8.2
f3= 2.2666053913286275
temps= 0.0413238s
nbiterameliore= 15
f1= 40
f2= 6.2
f3= 1.771298958391835
temps= 0.04018s
nbiterameliore= 20
f1= 40
f2= 8.5
f3= 2.2666053913286275
temps= 0.0257231s
nbiterameliore= 25
f1= 40
f2= 7.85
f3= 2.1534855467358027
temps= 0.0342934s
