fonctionobjectif= 3
pourcentage= 0.5
decroissance= 0.02
nbiterstagnant= 150
nbiterameliore= 5
f1= 230
f2= 66.7
f3= 17.00698385957957
temps= 0.0353172s
nbiterameliore= 10
f1= 220
f2= 66.7
f3= 16.888975694221365
temps= 0.0341426s
nbiterameliore= 15
f1= 220
f2= 66.7
f3= 16.859344589870627
temps= 0.0440454s
nbiterameliore= 20
f1= 220
f2= 66.7
f3= 16.888975694221365
temps= 0.0258154s
nbiterameliore= 25
f1= 230
f2= 66.7
f3= 16.9628270049541
temps= 0.033118s
