fonctionobjectif= 3
pourcentage= 0.5
decroissance= 0.02
nbiterstagnant= 150
nbiterameliore= 5
f1= 40
f2= 7.85
f3= 2.1534855467358027
temps= 0.0277585s
nbiterameliore= 10
f1= 30
f2= 6.5
f3= 1.771298958391835
temps= 0.0326372s
nbiterameliore= 15
f1= 40
f2= 7.85
f3= 2.1534855467358027
temps= 0.027314s
nbiterameliore= 20
f1= 40
f2= 7.5
f3= 2.034084560680799
temps= 0.0314401s
nbiterameliore= 25
f1= 70
f2= 9.85
f3= 3.1044323152550772
temps= 0.0273468s
