fonctionobjectif= 3
pourcentage= 0.5
decroissance= 0.02
nbiterstagnant= 150
nbiterameliore= 5
f1= 40
f2= 8.6
f3= 2.4083189157584592
temps= 0.0322945s
nbiterameliore= 10
f1= 40
f2= 9.6
f3= 2.6076809620810595
temps= 0.0264768s
nbiterameliore= 15
f1= 40
f2= 11.2
f3= 2.9664793948382653
temps= 0.030251s
nbiterameliore= 20
f1= 50
f2= 8.8
f3= 2.6076809620810595
temps= 0.0251209s
nbiterameliore= 25
f1= 40
f2= 9.2
f3= 2.4083189157584592
temps= 0.0337924s
