fonctionobjectif= 3
pourcentage= 0.5
decroissance= 0.02
nbiterstagnant= 150
nbiterameliore= 5
f1= 30
f2= 7.1
f3= 2.034084560680799
temps= 0.0450091s
nbiterameliore= 10
f1= 30
f2= 5.95
f3= 1.771298958391835
temps= 0.0428768s
nbiterameliore= 15
f1= 40
f2= 9.95
f3= 2.8526303651191824
temps= 0.0327822s
nbiterameliore= 20
f1= 40
f2= 7.8
f3= 2.1534855467358027
temps= 0.0423593s
nbiterameliore= 25
f1= 30
f2= 7.25
f3= 2.1534855467358027
temps= 0.0230052s
