fonctionobjectif= 3
pourcentage= 0.5
decroissance= 0.02
nbiterstagnant= 150
nbiterameliore= 5
f1= 40
f2= 8.3
f3= 2.247220505424423
temps= 0.0565483s
nbiterameliore= 10
f1= 150
f2= 40.0
f3= 9.902019995940222
temps= 0.0408001s
nbiterameliore= 15
f1= 30
f2= 6.9
f3= 1.8841443681416774
temps= 0.0360467s
nbiterameliore= 20
f1= 150
f2= 41.0
f3= 10.224969437607136
temps= 0.0393941s
nbiterameliore= 25
f1= 30
f2= 8.3
f3= 2.1330729007701543
temps= 0.0384165s
