fonctionobjectif= 3
pourcentage= 0.5
decroissance= 0.02
nbiterstagnant= 150
nbiterameliore= 5
f1= 20
f2= 4.75
f3= 1.4958275301651591
temps= 0.041848s
nbiterameliore= 10
f1= 30
f2= 3.9
f3= 1.6545392107774297
temps= 0.057656s
nbiterameliore= 15
f1= 40
f2= 7.65
f3= 2.1765798859678918
temps= 0.0460748s
nbiterameliore= 20
f1= 40
f2= 8.6
f3= 2.395307913400697
temps= 0.0367542s
nbiterameliore= 25
f1= 30
f2= 6.65
f3= 1.9332614929181204
temps= 0.058626s
