fonctionobjectif= 3
pourcentage= 0.5
decroissance= 0.02
nbiterstagnant= 150
nbiterameliore= 5
f1= 30
f2= 8.15
f3= 2.034084560680799
temps= 0.0508341s
nbiterameliore= 10
f1= 30
f2= 9.5
f3= 2.3743420141167535
temps= 0.0452206s
nbiterameliore= 15
f1= 20
f2= 5.2
f3= 1.2796483892069728
temps= 0.0454907s
nbiterameliore= 20
f1= 40
f2= 9.15
f3= 2.3743420141167535
temps= 0.0342428s
nbiterameliore= 25
f1= 50
f2= 9.2
f3= 2.671610001478509
temps= 0.0308653s
