fonctionobjectif= 3
pourcentage= 0.5
decroissance= 0.02
nbiterstagnant= 150
nbiterameliore= 5
f1= 30
f2= 6.5
f3= 1.8540496217739157
temps= 0.0425176s
nbiterameliore= 10
f1= 30
f2= 8.0
f3= 2.1065374432940898
temps= 0.0347306s
nbiterameliore= 15
f1= 30
f2= 7.0
f3= 1.8540496217739157
temps= 0.043906s
nbiterameliore= 20
f1= 30
f2= 7.75
f3= 1.9843134832984428
temps= 0.0366793s
nbiterameliore= 25
f1= 50
f2= 9.25
f3= 2.727178028658929
temps= 0.0438083s
