fonctionobjectif= 3
pourcentage= 0.5
decroissance= 0.02
nbiterstagnant= 150
nbiterameliore= 5
f1= 30
f2= 6.65
f3= 1.9332614929181204
temps= 0.0534714s
nbiterameliore= 10
f1= 40
f2= 5.75
f3= 1.9332614929181204
temps= 0.0422055s
nbiterameliore= 15
f1= 50
f2= 8.65
f3= 2.781636209140225
temps= 0.079121s
nbiterameliore= 20
f1= 50
f2= 8.6
f3= 2.595669470483482
temps= 0.0557558s
nbiterameliore= 25
f1= 50
f2= 9.65
f3= 2.781636209140225
temps= 0.0390784s
