fonctionobjectif= 3
pourcentage= 0.5
decroissance= 0.02
nbiterstagnant= 150
nbiterameliore= 5
f1= 40
f2= 8.95
f3= 2.395307913400697
temps= 0.0637924s
nbiterameliore= 10
f1= 40
f2= 8.4
f3= 2.2885584982691616
temps= 0.0388012s
nbiterameliore= 15
f1= 30
f2= 7.5
f3= 1.9332614929181204
temps= 0.0542333s
nbiterameliore= 20
f1= 30
f2= 8.5
f3= 2.1765798859678918
temps= 0.0418353s
nbiterameliore= 25
f1= 50
f2= 11.05
f3= 2.9559262507714905
temps= 0.0328835s
