fonctionobjectif= 3
pourcentage= 0.5
decroissance= 0.02
nbiterstagnant= 150
nbiterameliore= 5
f1= 20
f2= 5.6
f3= 1.5165750888103102
temps= 0.0544428s
nbiterameliore= 10
f1= 30
f2= 6.0
f3= 1.816590212458495
temps= 0.0573399s
nbiterameliore= 15
f1= 40
f2= 9.2
f3= 2.4083189157584592
temps= 0.0427677s
nbiterameliore= 20
f1= 50
f2= 8.4
f3= 2.4083189157584592
temps= 0.0669286s
nbiterameliore= 25
f1= 100
f2= 12.0
f3= 4.33589667773576
temps= 0.0354426s
