fonctionobjectif= 3
pourcentage= 0.5
decroissance= 0.02
nbiterstagnant= 150
nbiterameliore= 5
f1= 20
f2= 6.5
f3= 1.6240381768911714
temps= 0.0432538s
nbiterameliore= 10
f1= 30
f2= 7.85
f3= 2.034084560680799
temps= 0.0828981s
nbiterameliore= 15
f1= 50
f2= 9.85
f3= 2.671610001478509
temps= 0.0386184s
nbiterameliore= 20
f1= 50
f2= 10.2
f3= 2.7636027210870955
temps= 0.0320212s
nbiterameliore= 25
f1= 40
f2= 8.2
f3= 2.2666053913286275
temps= 0.0506325s
