fonctionobjectif= 3
pourcentage= 0.5
decroissance= 0.02
nbiterstagnant= 150
nbiterameliore= 5
f1= 30
f2= 7.4
f3= 1.9332614929181204
temps= 0.0511417s
nbiterameliore= 10
f1= 30
f2= 6.4
f3= 1.6545392107774297
temps= 0.0405101s
nbiterameliore= 15
f1= 40
f2= 8.85
f3= 2.395307913400697
temps= 0.05042s
nbiterameliore= 20
f1= 40
f2= 8.95
f3= 2.395307913400697
temps= 0.0360972s
nbiterameliore= 25
f1= 30
f2= 9.4
f3= 2.395307913400697
temps= 0.054506s
