fonctionobjectif= 3
pourcentage= 0.5
decroissance= 0.02
nbiterstagnant= 150
nbiterameliore= 5
f1= 40
f2= 7.85
f3= 2.1534855467358027
temps= 0.0458728s
nbiterameliore= 10
f1= 30
f2= 7.2
f3= 1.9072231122760652
temps= 0.0549359s
nbiterameliore= 15
f1= 30
f2= 8.2
f3= 2.1534855467358027
temps= 0.0404606s
nbiterameliore= 20
f1= 30
f2= 6.2
f3= 1.6240381768911714
temps= 0.0701376s
nbiterameliore= 25
f1= 30
f2= 7.55
f3= 2.034084560680799
temps= 0.0478471s
