fonctionobjectif= 3
pourcentage= 0.5
decroissance= 0.02
nbiterstagnant= 150
nbiterameliore= 5
f1= 30
f2= 6.55
f3= 1.771298958391835
temps= 0.0632864s
nbiterameliore= 10
f1= 30
f2= 6.2
f3= 1.6240381768911714
temps= 0.0423532s
nbiterameliore= 15
f1= 40
f2= 8.85
f3= 2.3743420141167535
temps= 0.0395834s
nbiterameliore= 20
f1= 50
f2= 9.2
f3= 2.671610001478509
temps= 0.031119s
nbiterameliore= 25
f1= 40
f2= 7.9
f3= 2.2666053913286275
temps= 0.0338864s
