fonctionobjectif= 3
pourcentage= 0.5
decroissance= 0.02
nbiterstagnant= 150
nbiterameliore= 5
f1= 20
f2= 6.65
f3= 1.799305421544658
temps= 0.045526s
nbiterameliore= 10
f1= 40
f2= 7.65
f3= 2.1765798859678918
temps= 0.0490145s
nbiterameliore= 15
f1= 30
f2= 5.75
f3= 1.799305421544658
temps= 0.0368179s
nbiterameliore= 20
f1= 20
f2= 5.7
f3= 1.6545392107774297
temps= 0.0450406s
nbiterameliore= 25
f1= 30
f2= 5.8
f3= 1.9332614929181204
temps= 0.038717s
