fonctionobjectif= 3
pourcentage= 0.5
decroissance= 0.02
nbiterstagnant= 150
nbiterameliore= 5
f1= 20
f2= 7.0
f3= 1.7464249196572978
temps= 0.0404671s
nbiterameliore= 10
f1= 40
f2= 8.2
f3= 2.3558437978779496
temps= 0.0410328s
nbiterameliore= 15
f1= 40
f2= 7.6
f3= 2.1330729007701543
temps= 0.0532055s
nbiterameliore= 20
f1= 30
f2= 8.2
f3= 2.247220505424423
temps= 0.03348s
nbiterameliore= 25
f1= 40
f2= 11.3
f3= 2.8372521918222215
temps= 0.0323706s
