fonctionobjectif= 3
pourcentage= 0.5
decroissance= 0.02
nbiterstagnant= 150
nbiterameliore= 5
f1= 40
f2= 8.4
f3= 2.2803508501982757
temps= 0.0508222s
nbiterameliore= 10
f1= 40
f2= 8.4
f3= 2.2803508501982757
temps= 0.0448693s
nbiterameliore= 15
f1= 30
f2= 9.0
f3= 2.2803508501982757
temps= 0.0768386s
nbiterameliore= 20
f1= 30
f2= 7.4
f3= 1.9235384061671343
temps= 0.0597182s
nbiterameliore= 25
f1= 40
f2= 9.0
f3= 2.3874672772626644
temps= 0.0448896s
