fonctionobjectif= 3
pourcentage= 0.5
decroissance= 0.02
nbiterstagnant= 150
nbiterameliore= 5
f1= 30
f2= 6.4
f3= 1.6431676725154982
temps= 0.0621971s
nbiterameliore= 10
f1= 30
f2= 8.8
f3= 2.2803508501982757
temps= 0.0370626s
nbiterameliore= 15
f1= 40
f2= 8.4
f3= 2.2803508501982757
temps= 0.045922s
nbiterameliore= 20
f1= 40
f2= 9.8
f3= 2.588435821108957
temps= 0.0396901s
nbiterameliore= 25
f1= 40
f2= 8.4
f3= 2.2803508501982757
temps= 0.0346613s
