fonctionobjectif= 3
pourcentage= 0.5
decroissance= 0.02
nbiterstagnant= 150
nbiterameliore= 5
f1= 30
f2= 6.9
f3= 1.8841443681416774
temps= 0.0569663s
nbiterameliore= 10
f1= 30
f2= 6.9
f3= 1.8841443681416774
temps= 0.0480823s
nbiterameliore= 15
f1= 40
f2= 8.3
f3= 2.247220505424423
temps= 0.0448295s
nbiterameliore= 20
f1= 30
f2= 7.2
f3= 2.0124611797498106
temps= 0.0377754s
nbiterameliore= 25
f1= 50
f2= 8.6
f3= 2.459674775249769
temps= 0.0460438s
