fonctionobjectif= 3
pourcentage= 0.5
decroissance= 0.02
nbiterstagnant= 150
nbiterameliore= 5
f1= 30
f2= 6.9
f3= 1.8841443681416774
temps= 0.0544386s
nbiterameliore= 10
f1= 30
f2= 9.0
f3= 2.247220505424423
temps= 0.0423187s
nbiterameliore= 15
f1= 30
f2= 9.6
f3= 2.459674775249769
temps= 0.0362687s
nbiterameliore= 20
f1= 60
f2= 11.6
f3= 3.2480763537823427
temps= 0.0387097s
nbiterameliore= 25
f1= 40
f2= 8.3
f3= 2.247220505424423
temps= 0.0398772s
