fonctionobjectif= 3
pourcentage= 0.5
decroissance= 0.02
nbiterstagnant= 150
nbiterameliore= 5
f1= 40
f2= 7.0
f3= 1.9235384061671343
temps= 0.0643372s
nbiterameliore= 10
f1= 40
f2= 9.0
f3= 2.3874672772626644
temps= 0.0586523s
nbiterameliore= 15
f1= 30
f2= 8.0
f3= 2.0493901531919194
temps= 0.0508276s
nbiterameliore= 20
f1= 40
f2= 8.2
f3= 2.16794833886788
temps= 0.0413529s
nbiterameliore= 25
f1= 60
f2= 12.6
f3= 3.4205262752974144
temps= 0.03891s
