fonctionobjectif= 3
pourcentage= 0.5
decroissance= 0.02
nbiterstagnant= 150
nbiterameliore= 5
f1= 40
f2= 7.4
f3= 2.1908902300206643
temps= 0.0572596s
nbiterameliore= 10
f1= 40
f2= 9.0
f3= 2.5099800796022267
temps= 0.0806576s
nbiterameliore= 15
f1= 70
f2= 10.2
f3= 3.577708763999664
temps= 0.0295514s
nbiterameliore= 20
f1= 50
f2= 11.4
f3= 3.1304951684997055
temps= 0.041261s
nbiterameliore= 25
f1= 50
f2= 12.6
f3= 3.2863353450309964
temps= 0.0477307s
