fonctionobjectif= 3
pourcentage= 0.5
decroissance= 0.02
nbiterstagnant= 150
nbiterameliore= 5
f1= 30
f2= 5.7
f3= 1.799305421544658
temps= 0.0472147s
nbiterameliore= 10
f1= 40
f2= 7.65
f3= 2.1765798859678918
temps= 0.0507487s
nbiterameliore= 15
f1= 40
f2= 8.6
f3= 2.497498748748435
temps= 0.0405874s
nbiterameliore= 20
f1= 50
f2= 8.65
f3= 2.690260210462921
temps= 0.0465495s
nbiterameliore= 25
f1= 40
f2= 7.75
f3= 2.497498748748435
temps= 0.041895s
