fonctionobjectif= 3
pourcentage= 0.5
decroissance= 0.02
nbiterstagnant= 150
nbiterameliore= 5
f1= 20
f2= 4.266666666666667
f3= 1.398411797560202
temps= 0.0503709s
nbiterameliore= 10
f1= 20
f2= 6.4
f3= 1.9321835661585918
temps= 0.0769019s
nbiterameliore= 15
f1= 50
f2= 12.266666666666667
f3= 3.675746333890726
temps= 0.0416861s
nbiterameliore= 20
f1= 40
f2= 8.0
f3= 2.6997942308422114
temps= 0.0551197s
nbiterameliore= 25
f1= 30
f2= 6.933333333333334
f3= 2.3475755815545347
temps= 0.0606733s
