fonctionobjectif= 3
pourcentage= 0.5
decroissance= 0.02
nbiterstagnant= 150
nbiterameliore= 5
f1= 30
f2= 8.266666666666667
f3= 2.4585451886114367
temps= 0.0751282s
nbiterameliore= 10
f1= 40
f2= 6.933333333333334
f3= 2.270584848790187
temps= 0.0478323s
nbiterameliore= 15
f1= 30
f2= 9.6
f3= 2.796823595120404
temps= 0.054613s
nbiterameliore= 20
f1= 30
f2= 6.933333333333334
f3= 2.0655911179772892
temps= 0.0545048s
nbiterameliore= 25
f1= 20
f2= 5.6
f3= 1.577621275493231
temps= 0.0354558s
