fonctionobjectif= 3
pourcentage= 0.5
decroissance= 0.02
nbiterstagnant= 150
nbiterameliore= 5
f1= 30
f2= 7.466666666666667
f3= 2.270584848790187
temps= 0.053183s
nbiterameliore= 10
f1= 30
f2= 8.0
f3= 2.4585451886114367
temps= 0.059867s
nbiterameliore= 15
f1= 20
f2= 5.6
f3= 1.577621275493231
temps= 0.0734858s
nbiterameliore= 20
f1= 30
f2= 6.933333333333334
f3= 2.0655911179772892
temps= 0.0445338s
nbiterameliore= 25
f1= 30
f2= 8.266666666666667
f3= 2.4585451886114367
temps= 0.0538152s
