fonctionobjectif= 3
pourcentage= 0.5
decroissance= 0.02
nbiterstagnant= 150
nbiterameliore= 5
f1= 10
f2= 4.8
f3= 1.2649110640673518
temps= 0.05348s
nbiterameliore= 10
f1= 10
f2= 4.8
f3= 1.2649110640673518
temps= 0.0704233s
nbiterameliore= 15
f1= 10
f2= 4.8
f3= 1.2649110640673518
temps= 0.0584188s
nbiterameliore= 20
f1= 10
f2= 4.8
f3= 1.2649110640673518
temps= 0.0510571s
nbiterameliore= 25
f1= 10
f2= 4.8
f3= 1.2649110640673518
temps= 0.0538668s
