fonctionobjectif= 3
pourcentage= 0.5
decroissance= 0.02
nbiterstagnant= 150
nbiterameliore= 5
f1= 20
f2= 6.4
f3= 1.9321835661585918
temps= 0.0504661s
nbiterameliore= 10
f1= 30
f2= 8.533333333333333
f3= 2.5298221281347035
temps= 0.0503407s
nbiterameliore= 15
f1= 30
f2= 8.0
f3= 2.5298221281347035
temps= 0.0546167s
nbiterameliore= 20
f1= 30
f2= 7.733333333333333
f3= 2.3475755815545347
temps= 0.0804176s
nbiterameliore= 25
f1= 40
f2= 13.866666666666667
f3= 3.9101008796307144
temps= 0.0431718s
