fonctionobjectif= 3
pourcentage= 0.5
decroissance= 0.02
nbiterstagnant= 150
nbiterameliore= 5
f1= 20
f2= 5.333333333333333
f3= 1.8856180831641267
temps= 0.045488s
nbiterameliore= 10
f1= 40
f2= 8.0
f3= 2.8284271247461903
temps= 0.0423071s
nbiterameliore= 15
f1= 30
f2= 8.0
f3= 2.4944382578492945
temps= 0.0383622s
nbiterameliore= 20
f1= 40
f2= 8.0
f3= 2.6666666666666665
temps= 0.0736275s
nbiterameliore= 25
f1= 30
f2= 6.666666666666667
f3= 2.4944382578492945
temps= 0.0398301s
