fonctionobjectif= 3
pourcentage= 0.5
decroissance= 0.02
nbiterstagnant= 150
nbiterameliore= 5
f1= 30
f2= 6.533333333333333
f3= 1.4452988925785868
temps= 0.1027254s
nbiterameliore= 10
f1= 50
f2= 7.2
f3= 1.788854381999832
temps= 0.1224772s
nbiterameliore= 15
f1= 130
f2= 29.6
f3= 7.1709289650799235
temps= 0.1030356s
nbiterameliore= 20
f1= 80
f2= 10.933333333333334
f3= 2.6832815729997477
temps= 0.076385s
nbiterameliore= 25
f1= 170
f2= 32.266666666666666
f3= 8.00555362788164
temps= 0.067947s
