fonctionobjectif= 3
pourcentage= 0.5
decroissance= 0.02
nbiterstagnant= 150
nbiterameliore= 5
f1= 20
f2= 5.4
f3= 1.2780193008453875
temps= 0.0838494s
nbiterameliore= 10
f1= 50
f2= 9.8
f3= 2.178174567027272
temps= 0.081063s
nbiterameliore= 15
f1= 40
f2= 7.266666666666667
f3= 1.6566364853052238
temps= 0.0672769s
nbiterameliore= 20
f1= 40
f2= 12.933333333333334
f3= 2.681210340292027
temps= 0.0800634s
nbiterameliore= 25
f1= 50
f2= 11.0
f3= 2.4198255217175384
temps= 0.0644637s
