fonctionobjectif= 3
pourcentage= 0.5
decroissance= 0.02
nbiterstagnant= 150
nbiterameliore= 5
f1= 30
f2= 5.892857142857143
f3= 1.483325689806799
temps= 0.0757863s
nbiterameliore= 10
f1= 40
f2= 7.5
f3= 1.7946206466287304
temps= 0.0671856s
nbiterameliore= 15
f1= 30
f2= 5.892857142857143
f3= 1.3946874421261881
temps= 0.0507693s
nbiterameliore= 20
f1= 50
f2= 11.25
f3= 2.4549512651549144
temps= 0.0617078s
nbiterameliore= 25
f1= 40
f2= 8.571428571428571
f3= 1.9315453261414228
temps= 0.0802475s
