fonctionobjectif= 3
pourcentage= 0.5
decroissance= 0.02
nbiterstagnant= 150
nbiterameliore= 5
f1= 30
f2= 8.0
f3= 1.673320053068151
temps= 0.0855215s
nbiterameliore= 10
f1= 50
f2= 9.466666666666667
f3= 2.1395742047841617
temps= 0.0667053s
nbiterameliore= 15
f1= 30
f2= 8.666666666666666
f3= 1.8012341448141729
temps= 0.0814012s
nbiterameliore= 20
f1= 50
f2= 9.333333333333334
f3= 2.0330600909302543
temps= 0.0936876s
nbiterameliore= 25
f1= 30
f2= 7.6
f3= 1.6055459438389728
temps= 0.106226s
