fonctionobjectif= 3
pourcentage= 0.5
decroissance= 0.02
nbiterstagnant= 150
nbiterameliore= 5
f1= 30
f2= 7.04
f3= 1.697056274847714
temps= 0.115786s
nbiterameliore= 10
f1= 40
f2= 8.0
f3= 1.9595917942265424
temps= 0.0749998s
nbiterameliore= 15
f1= 40
f2= 9.28
f3= 2.1908902300206647
temps= 0.1024716s
nbiterameliore= 20
f1= 60
f2= 11.68
f3= 2.9933259094191533
temps= 0.0669356s
nbiterameliore= 25
f1= 40
f2= 9.12
f3= 2.262741699796952
temps= 0.0828808s
