fonctionobjectif= 3
pourcentage= 0.5
decroissance= 0.02
nbiterstagnant= 150
nbiterameliore= 5
f1= 40
f2= 8.16
f3= 2.039607805437114
temps= 0.0955531s
nbiterameliore= 10
f1= 40
f2= 8.0
f3= 2.116601048851672
temps= 0.0994017s
nbiterameliore= 15
f1= 50
f2= 10.24
f3= 2.592296279363144
temps= 0.0836561s
nbiterameliore= 20
f1= 50
f2= 11.36
f3= 2.65329983228432
temps= 0.1133808s
nbiterameliore= 25
f1= 60
f2= 9.6
f3= 2.4657656011875906
temps= 0.0711952s
