fonctionobjectif= 3
pourcentage= 0.5
decroissance= 0.02
nbiterstagnant= 150
nbiterameliore= 5
f1= 40
f2= 6.85
f3= 1.4053469322555197
temps= 0.2455286s
nbiterameliore= 10
f1= 30
f2= 5.4
f3= 1.2144957801491119
temps= 0.1551157s
nbiterameliore= 15
f1= 40
f2= 7.25
f3= 1.49164338901763
temps= 0.1566599s
nbiterameliore= 20
f1= 40
f2= 7.3
f3= 1.49164338901763
temps= 0.1483743s
nbiterameliore= 25
f1= 50
f2= 6.35
f3= 1.4053469322555197
temps= 0.1616171s
