fonctionobjectif= 3
pourcentage= 0.5
decroissance= 0.02
nbiterstagnant= 150
nbiterameliore= 5
f1= 80
f2= 9.4
f3= 2.420937318478114
temps= 0.1583929s
nbiterameliore= 10
f1= 50
f2= 11.325
f3= 2.058139329588743
temps= 0.1651833s
nbiterameliore= 15
f1= 90
f2= 10.25
f3= 2.4720310475396543
temps= 0.1322787s
nbiterameliore= 20
f1= 150
f2= 13.6875
f3= 3.5511881814401223
temps= 0.2075372s
nbiterameliore= 25
f1= 80
f2= 12.325
f3= 2.643092412307977
temps= 0.1789375s
