fonctionobjectif= 3
pourcentage= 0.5
decroissance= 0.02
nbiterstagnant= 150
nbiterameliore= 5
f1= 50
f2= 7.075
f3= 1.4994790762128027
temps= 0.1696372s
nbiterameliore= 10
f1= 40
f2= 6.35
f3= 1.322284954160789
temps= 0.1330529s
nbiterameliore= 15
f1= 30
f2= 6.8
f3= 1.2741418680822005
temps= 0.1270749s
nbiterameliore= 20
f1= 40
f2= 8.575
f3= 1.6951216770485829
temps= 0.1175992s
nbiterameliore= 25
f1= 40
f2= 9.025
f3= 1.6951216770485829
temps= 0.1158073s
