fonctionobjectif= 3
pourcentage= 0.5
decroissance= 0.02
nbiterstagnant= 150
nbiterameliore= 5
f1= 30
f2= 5.5625
f3= 1.0239323708136197
temps= 0.190158s
nbiterameliore= 10
f1= 50
f2= 7.2375
f3= 1.4312363536467343
temps= 0.1569856s
nbiterameliore= 15
f1= 50
f2= 7.9
f3= 1.5567393808855738
temps= 0.3249243s
nbiterameliore= 20
f1= 50
f2= 9.075
f3= 1.8837296780589299
temps= 0.1473959s
nbiterameliore= 25
f1= 70
f2= 13.9125
f3= 2.7245985942887074
temps= 0.1463736s
