fonctionobjectif= 3
pourcentage= 0.5
decroissance= 0.02
nbiterstagnant= 150
nbiterameliore= 5
f1= 40
f2= 5.8
f3= 1.4120021246442938
temps= 0.1707418s
nbiterameliore= 10
f1= 40
f2= 6.225
f3= 1.3670223114492317
temps= 0.181002s
nbiterameliore= 15
f1= 50
f2= 8.15
f3= 1.6564268773477444
temps= 0.13046s
nbiterameliore= 20
f1= 50
f2= 5.275
f3= 1.3670223114492317
temps= 0.1231011s
nbiterameliore= 25
f1= 50
f2= 8.625
f3= 1.8010413654327877
temps= 0.1621001s
