fonctionobjectif= 3
pourcentage= 0.5
decroissance= 0.02
nbiterstagnant= 150
nbiterameliore= 5
f1= 40
f2= 3.9
f3= 1.1449617897554485
temps= 0.1426233s
nbiterameliore= 10
f1= 40
f2= 8.825
f3= 1.8195981699265364
temps= 0.1240993s
nbiterameliore= 15
f1= 40
f2= 7.8875
f3= 1.713457761370265
temps= 0.1049597s
nbiterameliore= 20
f1= 60
f2= 11.8
f3= 2.4105886210633285
temps= 0.1446019s
nbiterameliore= 25
f1= 50
f2= 9.85
f3= 2.0459563778340923
temps= 0.1630487s
