fonctionobjectif= 3
pourcentage= 0.5
decroissance= 0.02
nbiterstagnant= 150
nbiterameliore= 5
f1= 30
f2= 6.45
f3= 1.1832159566199232
temps= 0.3785959s
nbiterameliore= 10
f1= 130
f2= 42.65
f3= 7.2128357807453245
temps= 0.4111636s
nbiterameliore= 15
f1= 180
f2= 48.65
f3= 8.889600665946698
temps= 0.3848724s
nbiterameliore= 20
f1= 40
f2= 8.4
f3= 1.6658331248957683
temps= 0.3860225s
nbiterameliore= 25
f1= 130
f2= 40.85
f3= 6.7286700023110075
temps= 0.3799326s
