fonctionobjectif= 3
pourcentage= 0.5
decroissance= 0.02
nbiterstagnant= 150
nbiterameliore= 5
f1= 20
f2= 4.3875
f3= 1.030018203722633
temps= 0.2125706s
nbiterameliore= 10
f1= 40
f2= 5.375
f3= 1.2493748436718262
temps= 0.1836314s
nbiterameliore= 15
f1= 40
f2= 6.8375
f3= 1.4784916300067443
temps= 0.1553478s
nbiterameliore= 20
f1= 50
f2= 8.85
f3= 1.8536281989654775
temps= 0.1910867s
nbiterameliore= 25
f1= 50
f2= 7.3625
f3= 1.6765850709105101
temps= 0.1700757s
