fonctionobjectif= 3
pourcentage= 0.5
decroissance= 0.02
nbiterstagnant= 150
nbiterameliore= 5
f1= 30
f2= 6.6
f3= 1.2349089035228469
temps= 0.2274257s
nbiterameliore= 10
f1= 50
f2= 8.0
f3= 1.6658331248957683
temps= 0.1461446s
nbiterameliore= 15
f1= 60
f2= 8.6
f3= 1.8096961070853859
temps= 0.1827153s
nbiterameliore= 20
f1= 40
f2= 9.5
f3= 1.7392527130926088
temps= 0.1554624s
nbiterameliore= 25
f1= 40
f2= 8.15
f3= 1.5083103128998356
temps= 0.1430863s
