fonctionobjectif= 3
pourcentage= 0.5
decroissance= 0.02
nbiterstagnant= 150
nbiterameliore= 5
f1= 30
f2= 6.125
f3= 1.100426053853688
temps= 0.1585597s
nbiterameliore= 10
f1= 30
f2= 6.3125
f3= 1.155827625556683
temps= 0.1332515s
nbiterameliore= 15
f1= 30
f2= 6.9375
f3= 1.2593401049756179
temps= 0.125496s
nbiterameliore= 20
f1= 40
f2= 8.5625
f3= 1.6464924840399362
temps= 0.1140746s
nbiterameliore= 25
f1= 70
f2= 9.8125
f3= 1.990210416011332
temps= 0.1299815s
