fonctionobjectif= 3
pourcentage= 0.5
decroissance= 0.02
nbiterstagnant= 150
nbiterameliore= 5
f1= 30
f2= 6.025
f3= 1.2015614840697917
temps= 0.1357685s
nbiterameliore= 10
f1= 30
f2= 4.75
f3= 1.0338036564067665
temps= 0.1058068s
nbiterameliore= 15
f1= 50
f2= 5.75
f3= 1.3486103959261178
temps= 0.1004753s
nbiterameliore= 20
f1= 40
f2= 7.6
f3= 1.5632498200863483
temps= 0.206068s
nbiterameliore= 25
f1= 50
f2= 9.875
f3= 1.9541622245862804
temps= 0.1355993s
