fonctionobjectif= 3
pourcentage= 0.5
decroissance= 0.02
nbiterstagnant= 150
nbiterameliore= 5
f1= 40
f2= 8.9
f3= 1.7029386365926402
temps= 0.1832029s
nbiterameliore= 10
f1= 50
f2= 5.4
f3= 1.2349089035228469
temps= 0.1467065s
nbiterameliore= 15
f1= 40
f2= 9.8
f3= 1.8096961070853859
temps= 0.1710408s
nbiterameliore= 20
f1= 40
f2= 8.3
f3= 1.6278820596099706
temps= 0.1284613s
nbiterameliore= 25
f1= 50
f2= 9.0
f3= 1.7392527130926088
temps= 0.1308445s
