fonctionobjectif= 3
pourcentage= 0.5
decroissance= 0.02
nbiterstagnant= 150
nbiterameliore= 5
f1= 30
f2= 7.2
f3= 1.4230249470757708
temps= 0.1954416s
nbiterameliore= 10
f1= 30
f2= 7.6
f3= 1.466287829861518
temps= 0.165283s
nbiterameliore= 15
f1= 40
f2= 7.1
f3= 1.4230249470757708
temps= 0.1480305s
nbiterameliore= 20
f1= 70
f2= 9.1
f3= 1.9748417658131499
temps= 0.1601542s
nbiterameliore= 25
f1= 50
f2= 7.4
f3= 1.5890248582070705
temps= 0.168274s
