fonctionobjectif= 3
pourcentage= 0.5
decroissance= 0.02
nbiterstagnant= 150
nbiterameliore= 5
f1= 100
f2= 10.85
f3= 2.479919353527449
temps= 0.2102509s
nbiterameliore= 10
f1= 90
f2= 10.55
f3= 2.5787593916455256
temps= 0.1120911s
nbiterameliore= 15
f1= 90
f2= 9.65
f3= 2.3769728648009427
temps= 0.1297357s
nbiterameliore= 20
f1= 90
f2= 15.1
f3= 3.449637662132068
temps= 0.0928209s
nbiterameliore= 25
f1= 90
f2= 11.7
f3= 2.5787593916455256
temps= 0.1220838s
