fonctionobjectif= 3
pourcentage= 0.5
decroissance= 0.02
nbiterstagnant= 150
nbiterameliore= 5
f1= 60
f2= 8.675
f3= 1.90230123797468
temps= 0.1984687s
nbiterameliore= 10
f1= 40
f2= 6.2
f3= 1.3205112646244257
temps= 0.1640354s
nbiterameliore= 15
f1= 60
f2= 7.65
f3= 1.7302456472998275
temps= 0.1514418s
nbiterameliore= 20
f1= 40
f2= 8.075
f3= 1.693738468595432
temps= 0.1498076s
nbiterameliore= 25
f1= 40
f2= 8.625
f3= 1.7659983012449358
temps= 0.147433s
