fonctionobjectif= 3
pourcentage= 0.5
decroissance= 0.02
nbiterstagnant= 150
nbiterameliore= 5
f1= 40
f2= 6.8375
f3= 1.4355965658916854
temps= 0.277612s
nbiterameliore= 10
f1= 30
f2= 6.35
f3= 1.298436559867289
temps= 0.3114538s
nbiterameliore= 15
f1= 130
f2= 40.25
f3= 6.805213993696304
temps= 0.2429943s
nbiterameliore= 20
f1= 140
f2= 44.725
f3= 7.595125904157219
temps= 0.2846845s
nbiterameliore= 25
f1= 110
f2= 31.7375
f3= 5.595617704954476
temps= 0.3149588s
