fonctionobjectif= 3
pourcentage= 0.5
decroissance= 0.02
nbiterstagnant= 150
nbiterameliore= 5
f1= 40
f2= 6.9
f3= 1.3133925536563698
temps= 0.1716737s
nbiterameliore= 10
f1= 40
f2= 6.2
f3= 1.2144957801491119
temps= 0.1355134s
nbiterameliore= 15
f1= 30
f2= 7.1
f3= 1.3133925536563698
temps= 0.1288161s
nbiterameliore= 20
f1= 40
f2= 7.3
f3= 1.3601470508735445
temps= 0.1259878s
nbiterameliore= 25
f1= 30
f2= 6.8
f3= 1.2649110640673518
temps= 0.1111266s
