fonctionobjectif= 3
pourcentage= 0.5
decroissance= 0.02
nbiterstagnant= 150
nbiterameliore= 5
f1= 60
f2= 9.5875
f3= 2.1031969712796754
temps= 0.2186859s
nbiterameliore= 10
f1= 50
f2= 8.075
f3= 1.5567393808855738
temps= 0.152967s
nbiterameliore= 15
f1= 30
f2= 5.225
f3= 0.9609565546891284
temps= 0.1252699s
nbiterameliore= 20
f1= 80
f2= 10.4375
f3= 2.6312425771866796
temps= 0.1066331s
nbiterameliore= 25
f1= 90
f2= 14.1125
f3= 3.379857615344173
temps= 0.1090237s
