fonctionobjectif= 3
pourcentage= 0.5
decroissance= 0.02
nbiterstagnant= 150
nbiterameliore= 5
f1= 40
f2= 8.0
f3= 1.5486889616704835
temps= 0.1986299s
nbiterameliore= 10
f1= 30
f2= 6.1875
f3= 1.2342761036332186
temps= 0.1374641s
nbiterameliore= 15
f1= 30
f2= 7.0
f3= 1.3778379803155376
temps= 0.1271807s
nbiterameliore= 20
f1= 40
f2= 6.625
f3= 1.3317047345414073
temps= 0.1115302s
nbiterameliore= 25
f1= 40
f2= 6.625
f3= 1.3317047345414073
temps= 0.1316554s
