fonctionobjectif= 3
pourcentage= 0.5
decroissance= 0.02
nbiterstagnant= 150
nbiterameliore= 5
f1= 30
f2= 6.725
f3= 1.4120021246442938
temps= 0.2543885s
nbiterameliore= 10
f1= 30
f2= 6.2
f3= 1.2723010649999473
temps= 0.1926475s
nbiterameliore= 15
f1= 40
f2= 7.2
f3= 1.497915217894524
temps= 0.2301924s
nbiterameliore= 20
f1= 20
f2= 5.225
f3= 1.1152354011597732
temps= 0.1757262s
nbiterameliore= 25
f1= 50
f2= 8.625
f3= 1.7302456472998275
temps= 0.2804405s
