fonctionobjectif= 3
pourcentage= 0.5
decroissance= 0.02
nbiterstagnant= 150
nbiterameliore= 5
f1= 90
f2= 15.2
f3= 3.794733192202055
temps= 0.3127243s
nbiterameliore= 10
f1= 40
f2= 7.7
f3= 1.466287829861518
temps= 0.1939469s
nbiterameliore= 15
f1= 40
f2= 7.7
f3= 1.466287829861518
temps= 0.2108449s
nbiterameliore= 20
f1= 60
f2= 8.8
f3= 1.7748239349298849
temps= 0.2157223s
nbiterameliore= 25
f1= 30
f2= 5.3
f3= 1.0723805294763609
temps= 0.2225608s
