fonctionobjectif= 3
pourcentage= 0.5
decroissance= 0.02
nbiterstagnant= 150
nbiterameliore= 5
f1= 30
f2= 5.4
f3= 1.161895003862225
temps= 0.1798938s
nbiterameliore= 10
f1= 40
f2= 6.75
f3= 1.49164338901763
temps= 0.1449041s
nbiterameliore= 15
f1= 30
f2= 5.45
f3= 1.161895003862225
temps= 0.1547486s
nbiterameliore= 20
f1= 40
f2= 5.45
f3= 1.2144957801491119
temps= 0.1455084s
nbiterameliore= 25
f1= 50
f2= 7.0
f3= 1.6124515496597098
temps= 0.1442118s
