fonctionobjectif= 3
pourcentage= 0.5
decroissance= 0.02
nbiterstagnant= 150
nbiterameliore= 5
f1= 30
f2= 4.0
f3= 0.9478594305064438
temps= 0.1767475s
nbiterameliore= 10
f1= 40
f2= 6.75
f3= 1.5077922602268523
temps= 0.1472002s
nbiterameliore= 15
f1= 30
f2= 6.25
f3= 1.2839149115108834
temps= 0.1564548s
nbiterameliore= 20
f1= 40
f2= 7.5
f3= 1.4657549249448218
temps= 0.1307988s
nbiterameliore= 25
f1= 30
f2= 5.6875
f3= 1.2839149115108834
temps= 0.1351873s
