fonctionobjectif= 3
pourcentage= 0.5
decroissance= 0.02
nbiterstagnant= 150
nbiterameliore= 5
f1= 30
f2= 5.3875
f3= 0.9278671779947818
temps= 0.1953826s
nbiterameliore= 10
f1= 30
f2= 6.3125
f3= 1.1665922595320097
temps= 0.1621733s
nbiterameliore= 15
f1= 30
f2= 7.175
f3= 1.3175498093051359
temps= 0.1600474s
nbiterameliore= 20
f1= 20
f2= 5.1
f3= 0.8578679968386744
temps= 0.1706449s
nbiterameliore= 25
f1= 30
f2= 7.3125
f3= 1.36416183057583
temps= 0.1536055s
