fonctionobjectif= 3
pourcentage= 0.5
decroissance= 0.02
nbiterstagnant= 150
nbiterameliore= 5
f1= 30
f2= 6.1
f3= 1.2524975049875349
temps= 0.1822126s
nbiterameliore= 10
f1= 30
f2= 4.4
f3= 1.0338036564067665
temps= 0.1588279s
nbiterameliore= 15
f1= 40
f2= 7.45
f3= 1.5632498200863483
temps= 0.1833893s
nbiterameliore= 20
f1= 40
f2= 7.875
f3= 1.5227442332841061
temps= 0.1392862s
nbiterameliore= 25
f1= 30
f2= 5.525
f3= 1.1483684077855851
temps= 0.136184s
