fonctionobjectif= 3
pourcentage= 0.5
decroissance= 0.02
nbiterstagnant= 150
nbiterameliore= 5
f1= 40
f2= 7.5125
f3= 1.409232947386627
temps= 0.164263s
nbiterameliore= 10
f1= 60
f2= 11.6
f3= 2.420937318478114
temps= 0.1542793s
nbiterameliore= 15
f1= 40
f2= 5.5375
f3= 1.2189903609134898
temps= 0.1311542s
nbiterameliore= 20
f1= 50
f2= 9.1875
f3= 1.8670665494298802
temps= 0.1372302s
nbiterameliore= 25
f1= 40
f2= 7.275
f3= 1.452906569604529
temps= 0.1931278s
