fonctionobjectif= 3
pourcentage= 0.5
decroissance= 0.02
nbiterstagnant= 150
nbiterameliore= 5
f1= 20
f2= 5.525
f3= 1.092588669170608
temps= 0.2606977s
nbiterameliore= 10
f1= 50
f2= 6.1
f3= 1.4383149863642526
temps= 0.2099685s
nbiterameliore= 15
f1= 50
f2= 7.4
f3= 1.7517848041354853
temps= 0.1998216s
nbiterameliore= 20
f1= 30
f2= 6.6
f3= 1.3486103959261178
temps= 0.21834s
nbiterameliore= 25
f1= 30
f2= 6.175
f3= 1.301441508482037
temps= 0.2063791s
