fonctionobjectif= 3
pourcentage= 0.5
decroissance= 0.02
nbiterstagnant= 150
nbiterameliore= 5
f1= 20
f2= 5.775
f3= 1.111727259717958
temps= 0.2001157s
nbiterameliore= 10
f1= 30
f2= 7.1875
f3= 1.36416183057583
temps= 0.1723086s
nbiterameliore= 15
f1= 40
f2= 6.5375
f3= 1.409232947386627
temps= 0.1590593s
nbiterameliore= 20
f1= 40
f2= 6.8625
f3= 1.409232947386627
temps= 0.1595545s
nbiterameliore= 25
f1= 40
f2= 6.275
f3= 1.269227127034401
temps= 0.1365895s
