fonctionobjectif= 3
pourcentage= 0.5
decroissance= 0.02
nbiterstagnant= 150
nbiterameliore= 5
f1= 30
f2= 7.625
f3= 1.4469796128487782
temps= 0.2081932s
nbiterameliore= 10
f1= 30
f2= 5.75
f3= 1.1039701082909807
temps= 0.187429s
nbiterameliore= 15
f1= 30
f2= 5.0
f3= 0.9842509842514764
temps= 0.1901179s
nbiterameliore= 20
f1= 30
f2= 7.25
f3= 1.403121520040228
temps= 0.1723289s
nbiterameliore= 25
f1= 40
f2= 9.75
f3= 1.9284060775676892
temps= 0.1862803s
