fonctionobjectif= 3
pourcentage= 0.5
decroissance= 0.02
nbiterstagnant= 150
nbiterameliore= 5
f1= 30
f2= 7.0
f3= 1.2649110640673518
temps= 0.142242s
nbiterameliore= 10
f1= 40
f2= 8.3
f3= 1.5732132722552274
temps= 0.1178264s
nbiterameliore= 15
f1= 40
f2= 8.5
f3= 1.5732132722552274
temps= 0.1034137s
nbiterameliore= 20
f1= 30
f2= 7.2
f3= 1.3133925536563698
temps= 0.108053s
nbiterameliore= 25
f1= 40
f2= 7.9
f3= 1.49164338901763
temps= 0.1035282s
