fonctionobjectif= 3
pourcentage= 0.5
decroissance= 0.02
nbiterstagnant= 150
nbiterameliore= 5
f1= 160
f2= 25.775
f3= 6.553148098433302
temps= 0.1626701s
nbiterameliore= 10
f1= 90
f2= 12.9
f3= 2.9696380250798247
temps= 0.1750131s
nbiterameliore= 15
f1= 30
f2= 7.025
f3= 1.301441508482037
temps= 0.1664503s
nbiterameliore= 20
f1= 160
f2= 22.125
f3= 6.067845581423443
temps= 0.1284398s
nbiterameliore= 25
f1= 180
f2= 21.8
f3= 6.07813705011659
temps= 0.1289965s
