fonctionobjectif= 3
pourcentage= 0.5
decroissance= 0.02
nbiterstagnant= 150
nbiterameliore= 5
f1= 30
f2= 5.725
f3= 0.9992184445855671
temps= 0.2380559s
nbiterameliore= 10
f1= 30
f2= 6.225
f3= 1.1173349990043273
temps= 0.1943622s
nbiterameliore= 15
f1= 30
f2= 6.225
f3= 1.1173349990043273
temps= 0.172766s
nbiterameliore= 20
f1= 40
f2= 7.9875
f3= 1.4994790762128027
temps= 0.1770215s
nbiterameliore= 25
f1= 30
f2= 5.725
f3= 0.9992184445855671
temps= 0.1731283s
