fonctionobjectif= 3
pourcentage= 0.5
decroissance= 0.02
nbiterstagnant= 150
nbiterameliore= 5
f1= 160
f2= 12.95
f3= 4.264497332629017
temps= 0.1741136s
nbiterameliore= 10
f1= 60
f2= 6.8875
f3= 1.713457761370265
temps= 0.148892s
nbiterameliore= 15
f1= 160
f2= 11.8625
f3= 3.912919306604725
temps= 0.1517537s
nbiterameliore= 20
f1= 180
f2= 12.8625
f3= 4.023175052119905
temps= 0.1463556s
nbiterameliore= 25
f1= 160
f2= 16.325
f3= 4.279128123812139
temps= 0.2131318s
