fonctionobjectif= 3
pourcentage= 0.5
decroissance= 0.02
nbiterstagnant= 150
nbiterameliore= 5
f1= 90
f2= 13.7625
f3= 3.276574049216651
temps= 0.278137s
nbiterameliore= 10
f1= 50
f2= 7.8875
f3= 1.5365342495369245
temps= 0.157324s
nbiterameliore= 15
f1= 40
f2= 9.25
f3= 1.727986545086506
temps= 0.2228531s
nbiterameliore= 20
f1= 40
f2= 9.3875
f3= 1.727986545086506
temps= 0.2195837s
nbiterameliore= 25
f1= 40
f2= 8.5375
f3= 1.5766856059468546
temps= 0.254375s
