fonctionobjectif= 3
pourcentage= 0.5
decroissance= 0.02
nbiterstagnant= 150
nbiterameliore= 5
f1= 30
f2= 6.825
f3= 1.2189903609134898
temps= 0.3441852s
nbiterameliore= 10
f1= 30
f2= 7.675
f3= 1.409232947386627
temps= 0.2755986s
nbiterameliore= 15
f1= 30
f2= 6.25
f3= 1.111727259717958
temps= 0.2144052s
nbiterameliore= 20
f1= 40
f2= 7.9625
f3= 1.4953051528032666
temps= 0.1944712s
nbiterameliore= 25
f1= 40
f2= 7.25
f3= 1.36416183057583
temps= 0.2047916s
