fonctionobjectif= 3
pourcentage= 0.5
decroissance= 0.02
nbiterstagnant= 150
nbiterameliore= 5
f1= 40
f2= 5.875
f3= 1.3317047345414073
temps= 0.1776051s
nbiterameliore= 10
f1= 30
f2= 6.25
f3= 1.2839149115108834
temps= 0.1560226s
nbiterameliore= 15
f1= 30
f2= 6.25
f3= 1.2839149115108834
temps= 0.1526374s
nbiterameliore= 20
f1= 30
f2= 5.6875
f3= 1.1825554955265312
temps= 0.1652179s
nbiterameliore= 25
f1= 40
f2= 7.375
f3= 1.627402070786442
temps= 0.1751256s
