fonctionobjectif= 3
pourcentage= 0.5
decroissance= 0.02
nbiterstagnant= 150
nbiterameliore= 5
f1= 30
f2= 5.725
f3= 0.9992184445855671
temps= 0.2068444s
nbiterameliore= 10
f1= 60
f2= 7.9625
f3= 1.6951216770485829
temps= 0.182618s
nbiterameliore= 15
f1= 30
f2= 7.9875
f3= 1.4572019420794085
temps= 0.1673344s
nbiterameliore= 20
f1= 50
f2= 7.4375
f3= 1.4994790762128027
temps= 0.2030383s
nbiterameliore= 25
f1= 70
f2= 10.3
f3= 2.0611738160572486
temps= 0.1482635s
