fonctionobjectif= 3
pourcentage= 0.5
decroissance= 0.02
nbiterstagnant= 150
nbiterameliore= 5
f1= 50
f2= 8.8125
f3= 1.8195981699265364
temps= 0.3449003s
nbiterameliore= 10
f1= 40
f2= 6.5375
f3= 1.3457107787336773
temps= 0.2114465s
nbiterameliore= 15
f1= 40
f2= 6.8125
f3= 1.3457107787336773
temps= 0.2253817s
nbiterameliore= 20
f1= 30
f2= 5.5375
f3= 1.0890075757312252
temps= 0.1856304s
nbiterameliore= 25
f1= 40
f2= 7.425
f3= 1.4784916300067443
temps= 0.1754577s
