fonctionobjectif= 3
pourcentage= 0.5
decroissance= 0.02
nbiterstagnant= 150
nbiterameliore= 5
f1= 30
f2= 3.68
f3= 0.8602325267042628
temps= 0.3598657s
nbiterameliore= 10
f1= 40
f2= 5.12
f3= 1.0677078252031311
temps= 0.333432s
nbiterameliore= 15
f1= 40
f2= 5.92
f3= 1.2083045973594573
temps= 0.3054906s
nbiterameliore= 20
f1= 30
f2= 5.48
f3= 1.0677078252031311
temps= 0.280287s
nbiterameliore= 25
f1= 40
f2= 8.44
f3= 1.4764823060233399
temps= 0.2964691s
