fonctionobjectif= 3
pourcentage= 0.5
decroissance= 0.02
nbiterstagnant= 150
nbiterameliore= 5
f1= 20
f2= 5.6
f3= 0.8602325267042628
temps= 0.4265419s
nbiterameliore= 10
f1= 30
f2= 6.6
f3= 1.0677078252031311
temps= 0.3695203s
nbiterameliore= 15
f1= 30
f2= 6.8
f3= 1.104536101718726
temps= 0.3404898s
nbiterameliore= 20
f1= 40
f2= 7.4
f3= 1.2727922061357857
temps= 0.338217s
nbiterameliore= 25
f1= 50
f2= 7.4
f3= 1.2727922061357857
temps= 0.3343744s
