fonctionobjectif= 3
pourcentage= 0.5
decroissance= 0.02
nbiterstagnant= 150
nbiterameliore= 5
f1= 30
f2= 4.4
f3= 1.058300524425836
temps= 0.4910707s
nbiterameliore= 10
f1= 30
f2= 4.4
f3= 1.019803902718557
temps= 0.4291184s
nbiterameliore= 15
f1= 40
f2= 4.4
f3= 1.019803902718557
temps= 0.3861639s
nbiterameliore= 20
f1= 20
f2= 3.6
f3= 0.848528137423857
temps= 0.358677s
nbiterameliore= 25
f1= 30
f2= 5.2
f3= 1.0954451150103324
temps= 0.3813715s
