fonctionobjectif= 3
pourcentage= 0.5
decroissance= 0.02
nbiterstagnant= 150
nbiterameliore= 5
f1= 30
f2= 7.6
f3= 1.2409673645990857
temps= 0.3626655s
nbiterameliore= 10
f1= 30
f2= 7.4
f3= 1.2083045973594573
temps= 0.3042185s
nbiterameliore= 15
f1= 30
f2= 6.2
f3= 0.9899494936611666
temps= 0.2954009s
nbiterameliore= 20
f1= 30
f2= 6.0
f3= 0.9486832980505138
temps= 0.2957693s
nbiterameliore= 25
f1= 40
f2= 6.2
f3= 1.0295630140987
temps= 0.2770956s
