fonctionobjectif= 3
pourcentage= 0.5
decroissance= 0.02
nbiterstagnant= 150
nbiterameliore= 5
f1= 70
f2= 8.72
f3= 1.7204650534085255
temps= 0.327182s
nbiterameliore= 10
f1= 40
f2= 6.88
f3= 1.296148139681572
temps= 0.298424s
nbiterameliore= 15
f1= 60
f2= 9.28
f3= 1.6733200530681511
temps= 0.2448152s
nbiterameliore= 20
f1= 40
f2= 7.12
f3= 1.2328828005937953
temps= 0.2853523s
nbiterameliore= 25
f1= 40
f2= 6.8
f3= 1.2649110640673518
temps= 0.2590781s
