fonctionobjectif= 3
pourcentage= 0.5
decroissance= 0.02
nbiterstagnant= 150
nbiterameliore= 5
f1= 40
f2= 4.0
f3= 0.92709445701687
temps= 0.5318294s
nbiterameliore= 10
f1= 30
f2= 4.363636363636363
f3= 0.92709445701687
temps= 0.4564992s
nbiterameliore= 15
f1= 30
f2= 4.0
f3= 0.8907235428302466
temps= 0.4641941s
nbiterameliore= 20
f1= 20
f2= 4.363636363636363
f3= 0.8907235428302466
temps= 0.4424603s
nbiterameliore= 25
f1= 30
f2= 5.454545454545454
f3= 1.02851895445316
temps= 0.4675068s
