fonctionobjectif= 3
pourcentage= 0.5
decroissance= 0.02
nbiterstagnant= 150
nbiterameliore= 5
f1= 900
f2= 281.635
f3= 23.1478670723676
temps= 13.1685762s
nbiterameliore= 10
f1= 930
f2= 276.605
f3= 22.918524167144795
temps= 12.0325911s
nbiterameliore= 15
f1= 830
f2= 239.61
f3= 20.374585885362183
temps= 11.8037106s
nbiterameliore= 20
f1= 930
f2= 289.965
f3= 23.812155509319187
temps= 10.6810661s
nbiterameliore= 25
f1= 970
f2= 285.07
f3= 23.613105471326723
temps= 10.6515463s
